24.46109078808 24.46109078808 19.458149
4.25825890997 4.25825890997 5.2042203
-8.103083564305 -8.103083564305 -5.3724165
-8.07032564714 -8.07032564714 -6.417751
-5.995582531985001 -5.995582531985001 -5.188417
-4.214438133495 -4.214438133495 -3.8287773
-2.5344829467200003 -2.5344829467200003 -2.3840618
-1.618795372005 -1.618795372005 -1.5404416
-1.0916702976000001 -1.0916702976000001 -1.0425093
18.518433557685 18.518433557685 19.31211
-7.7454339635450005 -7.7454339635450005 -4.1978893
-7.567594145745 -7.567594145745 -5.59163
-4.403001280945 -4.403001280945 -3.388439
-0.9379787786 -0.9379787786 -0.53649884
0.024124065435 0.024124065435 0.27119127
0.248697205625 0.248697205625 0.42558858
0.27407368707 0.27407368707 0.40729475
0.228647627385 0.228647627385 0.32091123
0.175327818165 0.175327818165 0.2404777
0.13310631250500002 0.13310631250500002 0.18093777
-8.987350073945 -8.987350073945 -10.127572
-3.1847985552700004 -3.1847985552700004 -3.6297774
-1.28293119881 -1.28293119881 -1.6039714
-0.6680055186650001 -0.6680055186650001 -0.8733385
-0.26354081119 -0.26354081119 -0.35492957
-0.13311240366500002 -0.13311240366500002 -0.11728424
-0.07690919158000001 -0.07690919158000001 -0.084738865
-0.04854055906 -0.04854055906 0.19843166
-0.027175185240000004 -0.027175185240000004 0.054376118
-0.016732285245000002 -0.016732285245000002 0.1591087
-0.01102405442 -0.01102405442 -0.0018196851
-3.482317826065 -3.482317826065 -0.37522447
-9.75699888455 -9.75699888455 -6.662477
-8.603505544625001 -8.603505544625001 -6.7233496
-4.3696808241500005 -4.3696808241500005 -3.8730412
-2.1539176931550004 -2.1539176931550004 -2.0365174
-1.1873931395500001 -1.1873931395500001 -1.1631749
-0.733671269045 -0.733671269045 -0.7344966
-0.41570124361 -0.41570124361 -0.42545116
-0.26512963251500005 -0.26512963251500005 -0.27511516
-0.18210460123500002 -0.18210460123500002 -0.19190079
-9.723378543145 -9.723378543145 -8.723441
-4.80332084902 -4.80332084902 -4.865843
-1.9575666563300003 -1.9575666563300003 -2.232263
-0.97253104123 -0.97253104123 -1.1762435
-0.35137812142 -0.35137812142 -0.44783026
-0.16493532777 -0.16493532777 -0.21451429
-0.08960645089500001 -0.08960645089500001 0.0118780425
-0.053525805950000005 -0.053525805950000005 0.09447841
-0.028117949780000002 -0.028117949780000002 -0.12005216
-0.05943748677 -0.05943748677 -0.041604184
-0.010269827035 -0.010269827035 -0.10050029
-4.6288410411 -4.6288410411 -5.110866
-1.9753868437550002 -1.9753868437550002 -2.6734414
-0.92764544072 -0.92764544072 -1.411933
-0.555055510975 -0.555055510975 -0.8811916
-0.27887079063000003 -0.27887079063000003 -0.68125415
-0.16930534124500002 -0.16930534124500002 -0.45323265
-0.11245181906500001 -0.11245181906500001 -0.44384506
-0.07903049056 -0.07903049056 0.27141166
-0.050070201615000004 -0.050070201615000004 0.16467454
-0.03489804098 -0.03489804098 -0.014443286
-0.023924186120000003 -0.023924186120000003 -0.42998275
-0.289272260235 -0.289272260235 0.65065885
-2.39749911203 -2.39749911203 -1.231409
-1.2122157717700002 -1.2122157717700002 -0.45247364
-0.39474213966000005 -0.39474213966000005 0.11532189
0.15179569796 0.15179569796 0.44202432
0.22631542199 0.22631542199 0.41614544
0.205301943935 0.205301943935 0.33856538
0.16959178329500002 0.16959178329500002 0.26611593
0.12286933047500001 0.12286933047500001 0.0112210065
0.08934169547500001 0.08934169547500001 0.1622425
0.0660875107 0.0660875107 0.19617383
-2.976027748225 -2.976027748225 -1.9141277
-0.66866034462 -0.66866034462 -0.07858984
0.037371708315 0.037371708315 0.3401362
0.16109369617000002 0.16109369617000002 0.34108028
0.13714018321500002 0.13714018321500002 0.2175177
0.09105732845000002 0.09105732845000002 0.1402789
0.06071316471 0.06071316471 -0.12164944
0.04185388315 0.04185388315 -0.040840905
0.20554262352000002 0.20554262352000002 0.028400026
0.01660177164 0.01660177164 0.6839205
0.01136757484 0.01136757484 0.18223521
-8.9012027193 -8.9012027193 -4.941112
-4.150044227825 -4.150044227825 -2.708217
-1.02103416066 -1.02103416066 -0.49450833
-0.1900840996 -0.1900840996 0.095368676
0.095581301245 0.095581301245 0.21208926
0.09508224620500001 0.09508224620500001 0.15172908
0.07126050709500001 0.07126050709500001 0.102600574
0.05182658235 0.05182658235 0.14631157
0.033055176275 0.033055176275 0.38980302
0.028596919745000005 0.028596919745000005 0.11228847
0.015173893465000001 0.015173893465000001 -0.1360699
19.878681924520002 19.878681924520002 19.180256
1.60213492044 1.60213492044 2.8878512
-4.43046135919 -4.43046135919 -3.0510032
-5.506927832625 -5.506927832625 -4.391945
-4.8688484981 -4.8688484981 -4.0098596
-2.8568941104250003 -2.8568941104250003 -2.3349898
-1.5009301657650003 -1.5009301657650003 -1.1555623
-0.7745447642400001 -0.7745447642400001 -0.5273887
-0.396839992925 -0.396839992925 -0.21110418
-0.134857993595 -0.134857993595 -0.0063326005
-0.028239904255 -0.028239904255 0.06452398
0.01622779542 0.01622779542 0.08586127
-4.36976105943 -4.36976105943 0.14320803
-1.9653400004350001 -1.9653400004350001 -1.0349153
-0.41593107988 -0.41593107988 -0.15536073
-0.008816639040000001 -0.008816639040000001 0.106650226
0.0907357047 0.0907357047 0.12520184
0.06426499362 0.06426499362 0.07690411
0.040437557175 0.040437557175 0.046356507
0.025562156805 0.025562156805 0.05852131
0.013553461120000002 0.013553461120000002 0.12174255
0.0029182432500000004 0.0029182432500000004 0.057949793
0.005143065695000001 0.005143065695000001 0.30498514
-0.9575822318800001 -0.9575822318800001 -0.9650202
-10.594095739955002 -10.594095739955002 -9.114755
-7.721272721030001 -7.721272721030001 -7.5010037
-4.769033026750001 -4.769033026750001 -5.0457273
-1.9574890465500001 -1.9574890465500001 -2.2838736
-0.99614694114 -0.99614694114 -1.2271308
-0.5914247771350001 -0.5914247771350001 -0.75440466
-0.38707174141 -0.38707174141 -0.50791407
-0.22990815619000002 -0.22990815619000002 -0.2489259
-0.14940833081000002 -0.14940833081000002 -0.08986498
-0.10316259002500001 -0.10316259002500001 -0.48055106
14.637753841365 14.637753841365 10.615217
-0.92575623594 -0.92575623594 -0.50022435
-3.4941790211600003 -3.4941790211600003 -3.3947148
-3.0616982070500005 -3.0616982070500005 -3.5080147
-2.282117812575 -2.282117812575 -2.9381273
-1.277249222985 -1.277249222985 -1.8630273
-0.8195704876850001 -0.8195704876850001 -1.2394452
-0.58324290523 -0.58324290523 -0.8821561
-0.44084657603500005 -0.44084657603500005 -0.6581034
-0.30916509612500004 -0.30916509612500004 -0.38889948
-0.22734065348500002 -0.22734065348500002 0.10294121
-0.17261630678500003 -0.17261630678500003 -0.4454077
-3.672774956705 -3.672774956705 -4.657928
-1.3516214989350002 -1.3516214989350002 -1.8328736
-0.2806964058 -0.2806964058 -0.54093266
-0.07472771614 -0.07472771614 -0.2276133
-0.023207398365000003 -0.023207398365000003 -0.08978518
-0.019141864125 -0.019141864125 -0.05352264
-0.016350957625 -0.016350957625 -0.042754453
-0.013519670935000002 -0.013519670935000002 -0.1526837
0.25680608863 0.25680608863 -0.38707832
-0.007283793375 -0.007283793375 -0.20959425
-0.005447098595000001 -0.005447098595000001 -0.5417287
-5.841432101840001 -5.841432101840001 -6.2606115
-2.33225349416 -2.33225349416 -2.7400424
-0.9166911458350001 -0.9166911458350001 -1.1935304
-0.46579982688000005 -0.46579982688000005 -0.6449235
-0.17796536921 -0.17796536921 -0.26571703
-0.088242083565 -0.088242083565 -0.3311358
-0.05042251746 -0.05042251746 -0.014161294
-0.03157258268 -0.03157258268 -0.007196601
-0.20785736934000001 -0.20785736934000001 -0.33422124
-0.01077783503 -0.01077783503 0.048242196
-0.007080605930000001 -0.007080605930000001 0.14769046
9.58655032184 9.58655032184 7.3811216
-0.39085130619 -0.39085130619 2.0864725
-3.984943336025 -3.984943336025 -0.3382852
-4.280116328745001 -4.280116328745001 -1.3187848
-2.72890085415 -2.72890085415 -0.8084142
-1.52383762701 -1.52383762701 -0.26253986
-0.802356344425 -0.802356344425 0.079290874
-0.26788934807500003 -0.26788934807500003 0.30334136
-0.04456849262 -0.04456849262 0.35580716
0.049776303145 0.049776303145 0.34375435
-1.306403090045 -1.306403090045 -4.0009327
-5.281077124135 -5.281077124135 -5.9500637
-2.3380391247250003 -2.3380391247250003 -2.884447
-1.108975676985 -1.108975676985 -1.4783702
-0.37982336603 -0.37982336603 -0.54940706
-0.17798477165500004 -0.17798477165500004 -0.2681575
-0.098067597235 -0.098067597235 -0.15109071
-0.059848114970000005 -0.059848114970000005 -0.052755248
-0.03238570003 -0.03238570003 -0.12277801
-0.019468843895 -0.019468843895 0.18534084
-0.012149973840000002 -0.012149973840000002 0.016361538
6.82197748182 6.82197748182 2.7966583
-0.8092344192850001 -0.8092344192850001 -0.914506
0.098822901075 0.098822901075 -0.049554534
0.43381005225 0.43381005225 0.3159349
0.34081106153 0.34081106153 0.29866633
0.19916134577000003 0.19916134577000003 0.18352318
0.11874892328500002 0.11874892328500002 0.113279685
0.07447530057000001 0.07447530057000001 0.10193765
0.040538035060000005 0.040538035060000005 0.33547017
0.024117449175000003 0.024117449175000003 0.35674146
0.015101744725 0.015101744725 0.09876093
-9.325470050485 -9.325470050485 -8.65354
-6.3703115616 -6.3703115616 -6.0559363
-3.2011053782400003 -3.2011053782400003 -3.1973069
-1.0456277442600002 -1.0456277442600002 -1.1057644
-0.47841968645500005 -0.47841968645500005 -0.5248214
-0.26460755184 -0.26460755184 -0.29687402
-0.16404029482000002 -0.16404029482000002 -0.23391314
-0.09152519255 -0.09152519255 -0.18363997
-0.056679294000000005 -0.056679294000000005 0.31391427
-0.037664766625000005 -0.037664766625000005 0.17861956
-1.0418513825900002 -1.0418513825900002 0.32854223
-1.98785263899 -1.98785263899 -1.8749758
-0.46392716275000007 -0.46392716275000007 -0.49275804
-0.07239826752 -0.07239826752 -0.06758429
0.05293979435 0.05293979435 0.07322891
0.050944283075000006 0.050944283075000006 0.12609114
0.0389345897 0.0389345897 -0.008020061
0.028962756915000002 0.028962756915000002 -0.17854568
0.018979870775 0.018979870775 0.15076736
0.012937702605 0.012937702605 -0.10293999
0.009163651375 0.009163651375 0.4997451
-2.43357626506 -2.43357626506 0.8764763
-5.04732689001 -5.04732689001 -3.6550758
-2.2297903110800004 -2.2297903110800004 -1.8044628
-0.8839939039750001 -0.8839939039750001 -0.73730147
-0.144737540055 -0.144737540055 -0.11975919
-0.01546676799 -0.01546676799 -0.012029939
0.009446023900000001 0.009446023900000001 0.008154772
0.012442927130000002 0.012442927130000002 0.010414472
0.00952925225 0.00952925225 0.26586226
0.006416328175 0.006416328175 0.2631729
0.00418698987 0.00418698987 0.06496917
-2.699885219665 -2.699885219665 -1.7505442
-1.756958528785 -1.756958528785 -1.1719396
-0.370197154065 -0.370197154065 -0.11823786
0.012027888090000001 0.012027888090000001 0.17599344
0.133876686715 0.133876686715 0.22317109
0.11407209388000002 0.11407209388000002 0.20451593
0.08578626963 0.08578626963 0.19024333
0.063763234315 0.063763234315 0.04539351
0.041894053300000005 0.041894053300000005 -0.04834249
0.039914925145 0.039914925145 -0.047161706
0.020350434285 0.020350434285 -0.12470636
-3.421791124365 -3.421791124365 -2.6179945
-0.15645821839000001 -0.15645821839000001 0.21846941
0.36306330299500006 0.36306330299500006 0.5800434
0.35368814134000004 0.35368814134000004 0.4942997
0.21564155676000002 0.21564155676000002 0.28514948
0.12931729592500002 0.12931729592500002 0.16880399
0.081934162285 0.081934162285 0.44224298
0.054749892815000006 0.054749892815000006 -0.33966202
0.11595568009 0.11595568009 0.23672979
0.02073756426 0.02073756426 0.095768616
0.014027363870000002 0.014027363870000002 0.09514546
-8.346043711115 -8.346043711115 -9.709271
-3.84364320559 -3.84364320559 -4.444485
-1.60431671094 -1.60431671094 -2.1217391
-0.845819396525 -0.845819396525 -1.2209458
-0.35534806120500007 -0.35534806120500007 -0.5502273
-0.19250386542 -0.19250386542 -0.30287156
-0.1180283023 -0.1180283023 -0.3315935
-0.078047477105 -0.078047477105 -0.4716132
-0.04622938392 -0.04622938392 0.17141898
-0.034568829535000005 -0.034568829535000005 0.059578214
-0.02007604328 -0.02007604328 0.005642535
21.769265905925 21.769265905925 22.716757
-1.3762052631650001 -1.3762052631650001 0.26505136
-1.10759794586 -1.10759794586 -0.07965635
-0.16913410613500002 -0.16913410613500002 0.47820786
0.151426106325 0.151426106325 0.59397846
0.23118139241500002 0.23118139241500002 0.47313648
0.18550690792 0.18550690792 1.0385141
0.13968473905 0.13968473905 0.93328786
0.105323849115 0.105323849115 0.5794934
0.070967553805 0.070967553805 0.1527555
0.049704364445 0.049704364445 -0.078856364
0.06808845676000001 0.06808845676000001 -0.19283548
-2.07684280627 -2.07684280627 -0.3563156
-0.975295246395 -0.975295246395 -0.36210182
0.03297990319000001 0.03297990319000001 0.32777396
0.221903400515 0.221903400515 0.3979741
0.19263009946 0.19263009946 0.27377817
0.12866155104500002 0.12866155104500002 0.17341647
0.086249119025 0.086249119025 0.11418193
0.05983929329 0.05983929329 0.3432148
0.03653992366 0.03653992366 0.13817015
0.013514262405000001 0.013514262405000001 0.090823516
0.016522534050000003 0.016522534050000003 0.046108864
28.69284180989 28.69284180989 22.987556
-8.615293645800001 -8.615293645800001 -7.7509336
-3.7522052584050005 -3.7522052584050005 -3.8696816
-1.65860076129 -1.65860076129 -1.858554
-0.8877974920800001 -0.8877974920800001 -1.0484982
-0.363593076385 -0.363593076385 -0.45689356
-0.190979158805 -0.190979158805 -0.24762526
-0.11451640724500001 -0.11451640724500001 -0.15223168
-0.07454576899000001 -0.07454576899000001 -0.10075745
-0.043540635625000004 -0.043540635625000004 -0.11185925
-0.037027085185 -0.037027085185 0.033979848
-0.01875531176 -0.01875531176 0.06408298
-3.252026136835 -3.252026136835 -0.6855002
-5.6134271706000005 -5.6134271706000005 -3.526073
-3.7606913207400003 -3.7606913207400003 -2.6789412
-1.38650517843 -1.38650517843 -1.0168169
-0.58294926931 -0.58294926931 -0.38661835
-0.28034899964000004 -0.28034899964000004 -0.15671603
-0.147283592425 -0.147283592425 -0.06365474
-0.062129700725 -0.062129700725 -0.010636999
-0.028053152440000003 -0.028053152440000003 0.0048046364
-0.012688542655000001 -0.012688542655000001 0.009678602
-0.40102385845000005 -0.40102385845000005 -0.25740802
-0.881132319015 -0.881132319015 -0.44311875
0.041416973695000005 0.041416973695000005 0.14508909
0.17376609200000004 0.17376609200000004 0.21371414
0.12953208808 0.12953208808 0.14299315
0.07976229617500001 0.07976229617500001 0.08654179
0.05080489528 0.05080489528 0.11390515
0.034334346130000006 0.034334346130000006 0.27648184
0.32052125004 0.32052125004 0.6349637
0.01274223413 0.01274223413 -0.33830222
0.008590662255000001 0.008590662255000001 0.12770995
8.24829752759 8.24829752759 7.1813545
-5.86148152255 -5.86148152255 -3.9104428
-6.11549518189 -6.11549518189 -5.2589173
-4.3510494885 -4.3510494885 -4.2870083
-1.984505205255 -1.984505205255 -2.3206134
-1.0417392737400002 -1.0417392737400002 -1.3384697
-0.630348759815 -0.630348759815 -0.85408777
-0.41958278281 -0.41958278281 -0.58630115
-0.25445702752500005 -0.25445702752500005 -0.36503652
-0.16811774883000002 -0.16811774883000002 -0.24417487
-0.11762166486000002 -0.11762166486000002 -0.38694984
1.197045028905 1.197045028905 -0.39891344
0.79897162859 0.79897162859 1.0971608
0.7755571570400001 0.7755571570400001 0.9527342
0.527888359765 0.527888359765 0.6335784
0.23858994955 0.23858994955 0.2817555
0.12175892776000001 0.12175892776000001 0.14288734
0.06943662475500001 0.06943662475500001 0.08171223
0.042678894015 0.042678894015 0.112958506
0.01969975662 0.01969975662 0.10318665
0.014039467425 0.014039467425 -0.41621953
0.00907462067 0.00907462067 -0.014093595
-4.07658680735 -4.07658680735 -2.641319
-1.397705220115 -1.397705220115 -0.9385404
-0.18780327523999998 -0.18780327523999998 0.063696496
0.08782657193500001 0.08782657193500001 0.25160086
0.13389309609000002 0.13389309609000002 0.21817043
0.098434222055 0.098434222055 0.14783433
0.06893612569 0.06893612569 0.10090241
0.049027799350000005 0.049027799350000005 1.1562588
0.03087908311 0.03087908311 0.295152
0.020533484145 0.020533484145 0.2755806
0.014274974775000001 0.014274974775000001 -0.18351904
-8.8329129392 -8.8329129392 -9.802237
-3.4470960084250004 -3.4470960084250004 -3.810794
-1.4999166440000002 -1.4999166440000002 -1.7691733
-0.8279943781800001 -0.8279943781800001 -1.0058137
-0.350178241665 -0.350178241665 -0.43719175
-0.18422421989499999 -0.18422421989499999 -0.2073509
-0.10948103956 -0.10948103956 -0.090788536
-0.07050312911 -0.07050312911 -0.14904727
-0.04045178738500001 -0.04045178738500001 -0.03492737
-0.02534967509 -0.02534967509 -0.1101884
-0.0169307993 -0.0169307993 -0.065945104
24.43152345728 24.43152345728 21.762457
7.938548047675 7.938548047675 7.641706
-2.5219673194950003 -2.5219673194950003 -2.1087089
-3.090416582425 -3.090416582425 -2.7796443
-1.96968328632 -1.96968328632 -1.7602623
-1.0422264352650001 -1.0422264352650001 -0.8986596
-0.31024029088500005 -0.31024029088500005 -0.23191355
-0.027958319380000003 -0.027958319380000003 0.019747883
0.074786868655 0.074786868655 0.107334785
0.884162356055 0.884162356055 0.78124833
-3.0690546742650002 -3.0690546742650002 -2.5838003
-1.5978595824950002 -1.5978595824950002 -1.3836458
-0.6843507527 -0.6843507527 -0.5754343
-0.120187539755 -0.120187539755 -0.060879022
-0.010520509775 -0.010520509775 0.034578755
0.012544087645 0.012544087645 0.04885481
0.01578308823 0.01578308823 0.04459444
0.013049155080000001 0.013049155080000001 -0.16103727
0.009581158385 0.009581158385 0.12839952
0.0070436914000000005 0.0070436914000000005 -0.069970615
-5.878507785030001 -5.878507785030001 -5.700939
-3.2447915190750005 -3.2447915190750005 -3.3464165
-1.60983561696 -1.60983561696 -1.7346731
-0.9405211815250001 -0.9405211815250001 -1.0367144
-0.43287826230000004 -0.43287826230000004 -0.4936713
-0.24280324693 -0.24280324693 -0.28391212
-0.15135183093000001 -0.15135183093000001 -0.18115726
-0.10105612512 -0.10105612512 -0.1229095
-0.060078450085000006 -0.060078450085000006 0.88277
-0.038793915410000004 -0.038793915410000004 0.4962386
-0.026428624315 -0.026428624315 0.39536074
22.28502146262 22.28502146262 22.759691
-0.7581419529900001 -0.7581419529900001 -0.5699522
0.06296274562000001 0.06296274562000001 0.0436847
0.18796046392500002 0.18796046392500002 0.15822741
0.167798199225 0.167798199225 0.14667952
0.10439014255000001 0.10439014255000001 0.093296796
0.06523401316 0.06523401316 0.059171315
0.04285648283500001 0.04285648283500001 -0.07719357
0.029535667270000003 0.029535667270000003 0.49892426
0.018033220495000002 0.018033220495000002 -0.050042484
0.011893646275000001 0.011893646275000001 -0.6314536
0.008218418865 0.008218418865 -0.14215142
-4.718351661245 -4.718351661245 -3.599227
-2.941879024945 -2.941879024945 -2.9350715
-1.4457263765100001 -1.4457263765100001 -1.6331139
-0.8205298453850001 -0.8205298453850001 -1.0033468
-0.3682510284450001 -0.3682510284450001 -0.48978686
-0.20686984002500003 -0.20686984002500003 -0.2858813
-0.13024543643 -0.13024543643 0.014365657
-0.08797625168999999 -0.08797625168999999 0.066690356
-0.05335257546 -0.05335257546 -0.26912773
-0.03484027998000001 -0.03484027998000001 -0.60040456
-0.02402773584 -0.02402773584 -2.0585709
29.562194114270003 29.562194114270003 29.39318
-4.83818218551 -4.83818218551 1.1462841
-6.0459579217199995 -6.0459579217199995 -3.364005
-3.8782786178050004 -3.8782786178050004 -2.875544
-2.31474865554 -2.31474865554 -1.9061308
-0.89002780182 -0.89002780182 -0.763711
-0.38722241885500003 -0.38722241885500003 -0.32017943
-0.180501785995 -0.180501785995 -0.13778912
-0.08582770002 -0.08582770002 -0.055997208
-0.02566631039 -0.02566631039 0.025027474
-0.003317450525 -0.003317450525 0.18135735
0.00510533726 0.00510533726 -0.21521938
6.740643666365001 6.740643666365001 5.0762973
-3.6127129422500004 -3.6127129422500004 -2.7733488
-2.43186480663 -2.43186480663 -1.6280246
-1.02252423693 -1.02252423693 -0.430606
0.026077988790000003 0.026077988790000003 0.35643062
0.204447553725 0.204447553725 0.41128907
0.20463708857 0.20463708857 0.3450023
0.17255539518500002 0.17255539518500002 0.27101648
0.12527142668000002 0.12527142668000002 0.5748548
0.09063945387000001 0.09063945387000001 0.4414236
0.06674252044000001 0.06674252044000001 0.74714583
-3.09492007632 -3.09492007632 -2.6978812
-0.7497555546350001 -0.7497555546350001 -0.666078
-0.19837212047000002 -0.19837212047000002 -0.17652392
-0.072889157255 -0.072889157255 -0.06626277
-0.020902104345000002 -0.020902104345000002 -0.019869547
-0.010680927825000002 -0.010680927825000002 -0.37226292
-0.0068819606000000005 -0.0068819606000000005 0.13929641
-0.004873374335000001 -0.004873374335000001 -0.20724589
-0.0031383651700000004 -0.0031383651700000004 0.023069818
-0.002148420395 -0.002148420395 -0.03054851
-0.0015335545500000003 -0.0015335545500000003 -0.23665093
12.010972597365 12.010972597365 13.391208
1.89689681237 1.89689681237 0.7380606
2.0032420072400003 2.0032420072400003 2.0616128
1.540035833045 1.540035833045 2.5445147
0.96089372252 0.96089372252 1.8506937
0.6139350789950001 0.6139350789950001 1.1619856
0.41110294291000005 0.41110294291000005 0.8265803
0.24363547792000004 0.24363547792000004 0.36625326
0.155536484105 0.155536484105 0.35926324
0.10519031618500001 0.10519031618500001 -0.040716484
-6.0431832145549995 -6.0431832145549995 -4.536916
-2.13950703254 -2.13950703254 -2.412705
-0.7780210575150001 -0.7780210575150001 -0.9926386
-0.36306083502500003 -0.36306083502500003 -0.49662265
-0.115790037295 -0.115790037295 -0.17445898
-0.048869219150000004 -0.048869219150000004 -0.07892683
-0.024310134620000003 -0.024310134620000003 -0.22302827
-0.013633145045000001 -0.013633145045000001 -0.020412996
-0.006551856485 -0.006551856485 0.52643657
-0.00357792638 -0.00357792638 0.078727916
-0.0021350566000000004 -0.0021350566000000004 0.54398626
-2.53077190749 -2.53077190749 -1.4439719
-1.09248241726 -1.09248241726 -0.41837433
-0.04662142358000001 -0.04662142358000001 0.3682705
0.2375557651 0.2375557651 0.52102566
0.263728298145 0.263728298145 0.41881555
0.19360678546 0.19360678546 0.6807955
0.13722412045000001 0.13722412045000001 -0.12364889
0.09865951621 0.09865951621 0.5795828
0.062760240805 0.062760240805 0.15538397
0.042273096735 0.042273096735 0.14535609
-0.5762911325850001 -0.5762911325850001 -1.2813472
-3.89973685556 -3.89973685556 -2.6547284
-2.20441994705 -2.20441994705 -1.6379951
-0.500493420175 -0.500493420175 -0.2529286
-0.028150952315 -0.028150952315 0.11702807
0.10896368478500001 0.10896368478500001 0.1809212
0.08787753289 0.08787753289 0.13029096
0.061871614075000005 0.061871614075000005 0.09015591
0.043384943475 0.043384943475 0.4527069
0.026565491630000004 0.026565491630000004 0.2841461
-0.071481994275 -0.071481994275 0.018726677
0.011631516355000001 0.011631516355000001 -0.14309582
2.58261377025 2.58261377025 -0.6184187
-11.400591631465 -11.400591631465 -9.867834
-16.104906267 -16.104906267 -13.1035595
-12.515538299315 -12.515538299315 -10.316899
-8.70724401182 -8.70724401182 -7.2583184
-5.98580818931 -5.98580818931 -5.0151105
-3.55873119197 -3.55873119197 -2.9780471
-2.25808469446 -2.25808469446 -1.8798358
-1.514707687055 -1.514707687055 -1.2542593
20.393480959055 20.393480959055 23.189524
-4.089020387700001 -4.089020387700001 -1.6911776
-3.3070707682800005 -3.3070707682800005 -2.965263
-1.8617604285000002 -1.8617604285000002 -1.9164258
-1.13623742496 -1.13623742496 -1.2126759
-0.5551263207100001 -0.5551263207100001 -0.5960728
-0.32952348567500006 -0.32952348567500006 -0.35308772
-0.21577398698000003 -0.21577398698000003 -0.23082443
-0.15017733976 -0.15017733976 -0.15153952
-0.09423830548499999 -0.09423830548499999 -0.031521823
-0.06314587424500001 -0.06314587424500001 0.42507088
-0.04437546586 -0.04437546586 -0.8738732
8.192595182140002 8.192595182140002 4.1978
-2.13446475979 -2.13446475979 -2.1431932
-0.150552287415 -0.150552287415 -0.16257963
0.24599333445000002 0.24599333445000002 0.25069648
0.20675174503500002 0.20675174503500002 0.2207662
0.12325333610500001 0.12325333610500001 0.13620734
0.07550565179 0.07550565179 0.0864472
0.048712608075000004 0.048712608075000004 -0.08318653
1.753801417545 1.753801417545 -0.123639666
0.01708066284 0.01708066284 0.20237306
0.01124260104 0.01124260104 0.09617662
-7.400508743515001 -7.400508743515001 -5.007011
-1.5323105355900002 -1.5323105355900002 -0.9226654
-0.235044605625 -0.235044605625 -0.006004505
0.038984395435 0.038984395435 0.145944
0.097781365225 0.097781365225 0.12782305
0.073320526905 0.073320526905 0.14425921
0.05122739074 0.05122739074 -0.059743397
0.03616999071 0.03616999071 0.9789777
0.01973499083 0.01973499083 0.09370462
0.014846126045000001 0.014846126045000001 0.02271339
0.010258353600000002 0.010258353600000002 -0.55466425
10.589964253155001 10.589964253155001 14.873492
-3.3696330988950005 -3.3696330988950005 -1.9651673
-1.7229261414100001 -1.7229261414100001 -1.5092067
-0.654480675495 -0.654480675495 -0.61467224
-0.24297939172500002 -0.24297939172500002 -0.22315148
-0.007586277230000001 -0.007586277230000001 0.010569769
0.036101281375 0.036101281375 0.052498035
0.04044643136500001 0.04044643136500001 -0.258429
0.035981033475 0.035981033475 0.020260798
0.027418647855000002 0.027418647855000002 0.37700406
0.02046755784 0.02046755784 0.7119191
0.07261880952000001 0.07261880952000001 1.0073564
