3 19.458149 24.46109078808 -29.324787 -49.31844298 63.104156 121.04115638 8.222867 -3.4890571700000024 -22.254845 -35.33983866 -0.2892426 -8.43272677278
4 5.2042203 4.25825890997 -19.703306 -28.1970619 37.721767 63.8797602 3.76154 -2.7315021700000024 -16.38937 -24.35863083 -0.18641058 -4.33430641245
5 -5.3724165 -8.103083564305 -9.526311 -10.58877307 12.780103 17.0606167 0.3138268 -1.6630869100000005 -8.8325815 -11.85296091 -0.107453525 -1.0588793779
6 -6.417751 -8.07032564714 -5.292652 -5.22934379 4.0929804 4.34725806 -0.37554115 -0.97326435 -4.780735 -5.968107669999999 -0.061802827 -0.24686788850000002
7 -5.188417 -5.995582531985001 -3.3893294 -3.30030648 1.2564979 1.06978298 -0.3810777 -0.5672728 -2.6437368 -3.13869665 -0.03077092 -0.05908955551000001
8 -3.8287773 -4.214438133495 -2.400869 -2.37892236 0.37365806 0.25645515 -0.2743735 -0.33817792999999996 -1.513691 -1.73796682 -0.013502188 -0.015826172685
9 -2.3840618 -2.5344829467200003 -1.582437 -1.60268137 0.058062285 0.02902076 -0.14730239 -0.1659928 -0.70907015 -0.79164944 -0.0033143982 -0.003180084365
10 -1.5404416 -1.618795372005 -1.1048263 -1.13137776 0.008716077 0.00319218 -0.07958122 -0.08794111 -0.3640408 -0.40168170999999997 -0.00070945174 -0.000986951705
11 -1.0425093 -1.0916702976000001 -0.79642063 -0.81952817 0.0012810528 0.00034036 -0.04516804 -0.04976839 -0.20206296 -0.22232207 -0.00013873726 -0.000392013405
1 19.31211 18.518433557685 -37.221714 -47.19119098 127.80076 134.7373485 -8.241148 -3.9382198200000005 -52.989056 -54.77372364 -10.036724 -10.315780505125
2 -4.1978893 -7.7454339635450005 -10.039446 -10.54879696 37.035934 31.18761763 -3.1384208 -1.4050046399999996 -24.796993 -24.977649139999997 -3.2589645 -2.0016008597
3 -5.59163 -7.567594145745 -1.6657352 -1.72251654 10.186526 7.03866374 -1.2381496 -0.5792303700000001 -11.864668 -11.9399178 -1.0096034 -0.3645932081
4 -3.388439 -4.403001280945 0.6820264 0.37511765 2.7185705 1.56063983 -0.50950897 -0.26514856 -5.9759564 -6.01147546 -0.30357045 -0.06213471543000001
5 -0.53649884 -0.9379787786 1.2373458 0.8784564 0.18702862 0.07465845 -0.10869955 -0.07558597 -1.8258295 -1.81512388 -0.026344217 -0.000383769335
6 0.27119127 0.024124065435 0.9853625 0.72509078 0.013050467 0.003477 -0.03529748 -0.028921859999999997 -0.6896459 -0.67601057 -0.0022783708 0.0004887105700000001
7 0.42558858 0.248697205625 0.74321043 0.55575295 0.00096306205 0.00015438 -0.015758073 -0.01313162 -0.30262485 -0.29426052999999996 -0.00020198897 0.00018203492282795001
8 0.40729475 0.27407368707 0.5633809 0.42377795 7.611513e-05 6e-06 -0.008386562 -0.00664107 -0.14775729 -0.14313601 -1.841411e-05 6.681425723905001e-05
9 0.32091123 0.228647627385 0.3823209 0.28772273 1.847744e-06 -2e-07 -0.0031402004 -0.00273605 -0.058270797 -0.0563551 -5.289912e-07 1.6254305434815e-05
10 0.2404777 0.175327818165 0.26886174 0.20186005 1.1920929e-07 -3.8e-07 -0.0022545024 -0.00126137 -0.02612963 -0.02526623 -1.1175871e-08 -4.23807616637e-06
11 0.18093777 0.13310631250500002 0.19532204 0.14622563 0.0 -1e-08 -0.0014839176 -0.0006422 -0.012900353 -0.012478030000000001 0.0 9.230449687315001e-07
1 -10.127572 -8.987350073945 -5.737 -6.0714495 4.149281 8.17862106 -1.1804572 -1.37691375 -7.4698443 -9.086312470000001 0.110448144 -0.6312953838400001
2 -3.6297774 -3.1847985552700004 -2.1381361 -1.56509529 0.090954304 0.11558686 -0.20149946 -0.2256029 -1.3805747 -1.49957144 -0.0005215015 -0.01011578895
3 -1.6039714 -1.28293119881 -1.186237 -0.84852438 0.0019313097 0.00147905 -0.051388204 -0.05396339 -0.36816514 -0.3810158 -0.000112249516 -0.000906663915
4 -0.8733385 -0.6680055186650001 -0.7281275 -0.52052616 4.4047832e-05 1.568e-05 -0.01705653 -0.01728308 -0.12819326 -0.13001773 -5.2843243e-06 -0.00019422649955330002
5 -0.35492957 -0.26354081119 -0.32725143 -0.23581419 1.4901161e-08 2.4e-07 -0.0029258805 -0.00301589 -0.024752269 -0.024723560000000002 -3.7252903e-09 1.2589720699105001e-05
6 -0.11728424 -0.13311240366500002 -0.109470375 -0.12544014 -2.9802322e-08 0.0 -0.0008888245 -0.00078242 -0.006925013 -0.0068761099999999995 -1.8626451e-09 -1.3734910396435001e-05
7 -0.084738865 -0.07690919158000001 -0.07985877 -0.0742326 0.0 0.0 -0.0022735596 -0.00026398 -0.0026065335 -0.0024114699999999998 -1.8626451e-09 -1.147782016261e-06
8 0.19843166 -0.04854055906 0.20383835 -0.04740055 -2.9802322e-08 0.0 -0.0037193298 -0.00010569 -0.0016873372 -0.00099122 -9.313226e-10 -4.3101140315050004e-05
9 0.054376118 -0.027175185240000004 0.06377983 -0.02681682 0.0 -0.0 -0.0077667236 -3.345e-05 -0.0016369899 -0.00032195 -9.313226e-10 -2.9748444878850004e-06
10 0.1591087 -0.016732285245000002 0.16392899 -0.01659412 -2.9802322e-08 0.0 -0.0018196105 -1.278e-05 -0.0030006538 -0.0001251 0.0 -2.84705733336e-07
11 -0.0018196851 -0.01102405442 0.00765229 -0.01096303 2.9802322e-08 -0.0 -0.0005836487 -5.59e-06 -0.008888356 -5.532e-05 0.0 -1.1747615544920001e-07
2 -0.37522447 -3.482317826065 -27.632738 -29.66412744 51.752304 55.63263445 -0.67018235 -2.3976745600000022 -22.303982 -24.09792734 -1.5206255 -2.9552229186550005
3 -6.662477 -9.75699888455 -13.348446 -12.13725599 21.173792 18.09100277 -0.4332264 -1.1842323199999996 -13.2328005 -13.70931057 -0.8217959 -0.8172027592750001
4 -6.7233496 -8.603505544625001 -6.6599946 -5.57376601 8.532012 5.76463484 -0.30862463 -0.6230223199999998 -7.86267 -7.94955642 -0.4240725 -0.221795649995
5 -3.8730412 -4.3696808241500005 -2.04172 -1.81400565 1.3390663 0.55533767 -0.1549119 -0.20103173000000002 -2.9170375 -2.89352114 -0.09843837 -0.01645994213
6 -2.0365174 -2.1539176931550004 -0.93284446 -0.92657866 0.20150203 0.05007173 -0.07694347 -0.08019317 -1.2085612 -1.19573028 -0.019670334 -0.00148729324
7 -1.1631749 -1.1873931395500001 -0.5850001 -0.5951075 0.029257655 0.00425972 -0.039823912 -0.03796341 -0.5640751 -0.55831432 -0.0035334113 -0.00026764347000000005
8 -0.7344966 -0.733671269045 -0.42535043 -0.4258657 0.004140973 0.00033846 -0.021918895 -0.02016107 -0.29077864 -0.28788707 -0.0005896301 -9.58976540412e-05
9 -0.42545116 -0.41570124361 -0.29223365 -0.28442161 0.00021392852 6.96e-06 -0.009909104 -0.00894813 -0.123485684 -0.12230569000000001 -3.665127e-05 -3.27789563467e-05
10 -0.27511516 -0.26512963251500005 -0.21173339 -0.20215035 1.0825694e-05 2.3e-07 -0.004314434 -0.00443121 -0.059076067 -0.058535090000000005 -2.1215528e-06 -1.3201118757450001e-05
11 -0.19190079 -0.18210460123500002 -0.15837711 -0.14917585 5.438924e-07 -5e-08 -0.0026779224 -0.00234277 -0.030846175 -0.03057675 -1.17346644e-07 -9.188489996515001e-06
1 -8.723441 -9.723378543145 -10.493785 -9.56889895 17.153118 16.11782635 -0.61668396 -1.1673750099999998 -13.358943 -14.111077410000002 -1.4071478 -0.99385351438
2 -4.865843 -4.80332084902 -2.6190352 -1.96136971 1.0414051 0.52321556 -0.19102666 -0.25862676 -2.977864 -3.07959201 -0.11932196 -0.02694792196
3 -2.232263 -1.9575666563300003 -1.3281248 -0.99896847 0.056165725 0.01743872 -0.07904089 -0.08025021 -0.87349796 -0.8937694500000001 -0.007765338 -0.002017250415
4 -1.1762435 -0.97253104123 -0.823446 -0.61461308 0.0027692616 0.00058406 -0.032891706 -0.03087251 -0.3222282 -0.32724458 -0.00044709444 -0.00038492455500000003
5 -0.44783026 -0.35137812142 -0.3732228 -0.27662994 5.9604645e-06 8e-08 -0.007581147 -0.006663280000000001 -0.067031 -0.06805111 -1.2833625e-06 -3.3870874754050004e-05
6 -0.21451429 -0.16493532777 -0.19348335 -0.14285054 0.0 -1.1e-07 -0.0013160765 -0.0019744100000000002 -0.019714862 -0.02011083 -3.7252903e-09 5.532973606530001e-07
7 0.0118780425 -0.08960645089500001 0.021261215 -0.08151404 0.0 3.94e-06 -0.0021629333 -0.00071979 -0.0072202394 -0.00738122 0.0 4.642407760995e-06
8 0.09447841 -0.053525805950000005 0.11435509 -0.05007668 0.0 -0.0 -0.016357422 -0.00030382 -0.003519252 -0.00314366 0.0 -1.6411728314415001e-06
9 -0.12005216 -0.028117949780000002 -0.11517143 -0.02664443 0.0 -0.0 -0.00062942505 -0.00010148 -0.004251302 -0.00106378 0.0 -0.00030825995500000005
10 -0.041604184 -0.05943748677 -0.035068512 -0.0158568 0.0 -0.06255779 -0.00045394897 -4.231e-05 -0.0060817236 -0.0004263399999999999 0.0 0.01944576575
11 -0.10050029 -0.010269827035 -0.09150314 -0.01005877 0.0 -0.0 -0.0021400452 -1.805e-05 -0.0068571055 -0.00019319 0.0 1.8676870247855e-07
1 -5.110866 -4.6288410411 -5.6485324 -1.70255527 8.300559 3.81034804 -0.41465554 -0.44122722999999997 -6.16508 -6.09981951 -1.1831572 -0.19558709509
2 -2.6734414 -1.9753868437550002 -1.6759924 -0.61825187 0.5126731 0.0950015 -0.10391992 -0.09407367999999999 -1.3139906 -1.35345561 -0.09221153 -0.00460717489
3 -1.411933 -0.92764544072 -1.0067526 -0.47934602 0.031127378 0.00219155 -0.036563665 -0.03147946 -0.3929993 -0.41849138999999996 -0.006744785 -0.00052011155
4 -0.8811916 -0.555055510975 -0.7161287 -0.37735126 0.0019085333 4.718e-05 -0.015952272 -0.0132702 -0.15054473 -0.16430884 -0.00047447812 -0.00017239349267729999
5 -0.68125415 -0.27887079063000003 -0.6392809 -0.23683362 7.2717667e-06 -3.5e-07 -0.007839711 -0.00344224 -0.03413862 -0.03857111 -2.1704473e-06 -2.348143098925e-05
6 -0.45323265 -0.16930534124500002 -0.4331112 -0.15552232 2.9802322e-08 -1.535e-05 -0.009178164 -0.0012069000000000001 -0.010943312 -0.012564599999999999 -9.313226e-09 3.8326443822250005e-06
7 -0.44384506 -0.11245181906500001 -0.42133522 -0.10691826 7.450581e-09 -1.146e-05 -0.017910004 -0.00049823 -0.004599845 -0.0049914899999999995 0.0 -3.23816058253e-05
8 0.27141166 -0.07903049056 0.28427887 -0.07650901 -7.450581e-09 0.0 -0.010009766 -0.00023438 -0.0028574318 -0.00227013 -4.656613e-10 -1.6952851058285002e-05
9 0.16467454 -0.050070201615000004 0.16880226 -0.04910654 -7.450581e-09 0.0 -0.0013313293 -8.903e-05 -0.002796391 -0.00083161 0.0 -4.302143591115e-05
10 -0.014443286 -0.03489804098 -0.0042495728 -0.03341554 0.0 -0.00108618 -0.0067710876 -3.895e-05 -0.0034226263 -0.00035480000000000017 4.656613e-10 -2.559793475605e-06
11 -0.42998275 -0.023924186120000003 -0.4105072 -0.02373609 -7.450581e-09 0.0 -0.0134887695 -1.893e-05 -0.0059867734 -0.00016908 -4.656613e-10 -7.837425917485e-08
1 0.65065885 -0.289272260235 -5.4260206 -3.59385322 22.120548 17.75956455 -0.6666383 -0.6593213800000006 -12.678158 -12.637857989999999 -2.6990726 -1.1578042271400002
2 -1.231409 -2.39749911203 0.047349427 0.32348317 4.7981734 2.80946541 -0.2801292 -0.21473669 -5.113358 -5.18012918 -0.6834444 -0.13558181769
3 -0.45247364 -1.2122157717700002 1.0916635 0.79633472 1.0331373 0.42499115 -0.13463274 -0.09846496 -2.2741823 -2.32221574 -0.1684593 -0.01286095924
4 0.11532189 -0.39474213966000005 1.124179 0.74204023 0.22401202 0.06242089 -0.072345264 -0.0548989 -1.1196558 -1.1443755100000002 -0.04086803 7.1160207744e-05
5 0.44202432 0.15179569796 0.8078612 0.52751978 0.010936499 0.00125611 -0.026928326 -0.02185136 -0.34749737 -0.35564295 -0.0023476966 0.0005140991550000001
6 0.41614544 0.22631542199 0.56345016 0.37581843 0.0005598664 2.149e-05 -0.012287678 -0.01015227 -0.13544375 -0.13953754 -0.00013314933 0.00016530958728145
7 0.33856538 0.205301943935 0.40527427 0.27408134 2.9683113e-05 4e-08 -0.0054658973 -0.00518802 -0.06126516 -0.06364755999999999 -7.517636e-06 5.616136502815001e-05
8 0.26611593 0.16959178329500002 0.3002922 0.20465326 1.66893e-06 -3.9e-07 -0.0033952803 -0.00284788 -0.030782208 -0.03222265 -4.3585896e-07 9.44134447135e-06
9 0.0112210065 0.12286933047500001 0.04173661 0.13749294 2.9802322e-08 -2e-08 -0.017711643 -0.0012844 -0.012803985 -0.01334948 -5.5879354e-09 1.0275840611475e-05
10 0.1622425 0.08934169547500001 0.19063951 0.09623208 5.9604645e-08 -3.177e-05 -0.02098465 -0.00063775 -0.0074124187 -0.00625133 0.0 3.0469188212150003e-05
11 0.19617383 0.0660875107 0.2225151 0.06963057 2.9802322e-08 1e-08 -0.018444061 -0.00034132 -0.007897241 -0.0032061 1.8626451e-09 4.34339106253e-06
1 -1.9141277 -2.976027748225 0.18775074 -0.14757584 4.4016476 3.94967188 -0.32294968 -0.30303700999999994 -5.694797 -6.28276323 -0.48577917 -0.19232354608
2 -0.07858984 -0.66866034462 1.0786731 0.63758037 0.14710724 0.09030922 -0.09164064 -0.07800544999999999 -1.1902893 -1.3184870100000001 -0.022440355 -5.747272771395e-05
3 0.3401362 0.037371708315 0.730014 0.44968325 0.0056843758 0.00187367 -0.034489434 -0.028515989999999998 -0.35991862 -0.38626434 -0.0011541182 0.000595122085
4 0.34108028 0.16109369617000002 0.49215063 0.31649367 0.00025752187 3.577e-05 -0.015139401 -0.01222881 -0.13612394 -0.1433815 -6.450806e-05 0.00017456081535955001
5 0.2175177 0.13714018321500002 0.25047618 0.17032354 7.003546e-07 -2.9e-07 -0.003929172 -0.0030310199999999997 -0.02902982 -0.030183149999999995 -2.1234155e-07 3.109162389875e-05
6 0.1402789 0.09105732845000002 0.1498146 0.10096751 0.0 0.0 -0.00091171265 -0.0009829 -0.008623991 -0.00893137 -9.313226e-10 4.082957241785e-06
7 -0.12164944 0.06071316471 -0.11359215 0.06436565 0.0 -3.57e-06 -0.004840851 -0.00038195 -0.003216438 -0.00327297 9.313226e-10 6.00677165159e-06
8 -0.040840905 0.04185388315 -0.033151623 0.04341632 1.4901161e-08 0.0 -0.0058174133 -0.00016906 -0.0018718839 -0.00139114 0.0 -2.2458300524370003e-06
9 0.028400026 0.20554262352000002 0.030473713 0.02604989 1.4901161e-08 -0.03849424 -0.00020217901 -5.857e-05 -0.001871522 -0.00046936 9.313226e-10 0.21851490396
10 0.6839205 0.01660177164 0.6996975 0.01681404 0.0 0.0 -0.014026642 -2.445e-05 -0.0017503607 -0.00018761 0.0 -2.2467104324715e-07
11 0.18223521 0.01136757484 0.19285965 0.01146355 1.4901161e-08 0.0 -0.008468628 -1.128e-05 -0.002155833 -8.483e-05 0.0 1.302229553237e-07
1 -4.941112 -8.9012027193 -10.492062 -11.80456471 18.803858 23.45885432 -1.7056955 -2.6139722900000004 -12.434392 -16.52147644 0.88717926 -1.4200436042350002
2 -2.708217 -4.150044227825 -0.37658718 -0.87394415 1.148144 0.69688421 -0.42728585 -0.51142289 -3.0722818 -3.43773766 0.01979399 -0.023823708235000005
3 -0.49450833 -1.02103416066 0.4883621 0.06070289 0.060522914 0.01853239 -0.13989829 -0.1506884 -0.901495 -0.94982844 -0.0020000217 0.00024741943279855
4 0.095368676 -0.1900840996 0.4707695 0.20364417 0.003079459 0.00046657 -0.053556353 -0.05671502 -0.3246354 -0.337701 -0.0002885214 0.00022115415711665
5 0.21208926 0.095581301245 0.28822967 0.17586946 8.59797e-06 4e-08 -0.010780869 -0.01199017 -0.065366335 -0.06833327 -1.8319115e-06 3.5251337711800004e-05
6 0.15172908 0.09508224620500001 0.17365263 0.11853606 1.4901161e-08 4e-08 -0.0029640226 -0.00350676 -0.018959539 -0.019961060000000003 -7.450581e-09 1.3974095021735001e-05
7 0.102600574 0.07126050709500001 0.1101017 0.07984 0.0 -1e-08 -0.00061035156 -0.00127888 -0.006890774 -0.00729233 1.8626451e-09 -8.27288134433e-06
8 0.14631157 0.05182658235 0.1486454 0.05544614 -2.2351742e-08 0.0 0.0005912782 -0.00053897 -0.0029250893 -0.0031017399999999995 -9.313226e-10 2.1159745920240002e-05
9 0.38980302 0.033055176275 0.3926258 0.03414592 0.0 0.0 -0.0017318726 -0.00016251 -0.00109091 -0.0010500700000000002 9.313226e-10 0.00012183586042355001
10 0.11228847 0.028596919745000005 0.11544609 0.02235561 0.0 -0.00538915 -0.0024719238 -7.113e-05 -0.0006857028 -0.00042152 9.313226e-10 0.012123088720000001
11 -0.1360699 0.015173893465000001 -0.13319206 0.0153966 0.0 0.0 -0.0022087097 -3.201e-05 -0.0006691178 -0.00019139 9.313226e-10 6.88728936731e-07
0 19.180256 19.878681924520002 -28.967308 -29.41943223 104.38634 104.81868306 -6.7258916 -4.71786878 -40.759544 -40.94141276 -8.753337 -9.861287367740001
1 2.8878512 1.60213492044 -13.186907 -12.95870923 50.476673 46.98974766 -4.0741396 -2.3691511499999987 -25.936161 -26.001767779999998 -4.3916135 -4.05798456224
2 -3.0510032 -4.43046135919 -5.443815 -5.41337968 23.583597 20.67825957 -2.4476042 -1.28672058 -16.60288 -16.79965417 -2.1403005 -1.6089664976950002
3 -4.391945 -5.506927832625 -1.8603432 -2.0808304 10.759871 8.98388974 -1.4807582 -0.7514763899999999 -10.787048 -11.036208310000001 -1.0236658 -0.6223024687300001
4 -4.0098596 -4.8688484981 -0.293368 -0.65294864 4.8320713 3.86236794 -0.9107898 -0.4682112399999999 -7.1537757 -7.37277324 -0.4839977 -0.237283316965
5 -2.3349898 -2.8568941104250003 0.5657851 0.16862277 0.9504855 0.698053 -0.36945355 -0.21367601000000003 -3.3752744 -3.47607074 -0.10653241 -0.033823135025
6 -1.1555623 -1.5009301657650003 0.59305835 0.26252207 0.1854129 0.12373225 -0.16860744 -0.11356609000000001 -1.7420306 -1.76885741 -0.023395477 -0.00476097668
7 -0.5273887 -0.7745447642400001 0.49736962 0.23835577 0.036531404 0.02171363 -0.08718248 -0.06612694000000001 -0.9689254 -0.96780322 -0.0051818434 -0.00068399526
8 -0.21110418 -0.396839992925 0.4048692 0.20368804 0.007339552 0.00373304 -0.050204247 -0.04077722 -0.5719467 -0.56336893 -0.0011619953 -0.00011492121628680001
9 -0.0063326005 -0.134857993595 0.30096793 0.16088346 0.000691846 0.00025338 -0.025079863 -0.0212761 -0.28278613 -0.27469783 -0.00012635626 -2.0905187653435e-05
10 0.06452398 -0.028239904255 0.22973849 0.12964017 6.867945e-05 1.624e-05 -0.013783559 -0.01187168 -0.15148553 -0.14601620999999998 -1.4094636e-05 -8.408599793040001e-06
11 0.08586127 0.01622779542 0.17962179 0.10611987 7.927418e-06 2.06e-06 -0.0073917704 -0.00698555 -0.08637508 -0.08290416 -1.5962869e-06 -4.426928932725e-06
1 0.14320803 -4.36976105943 -3.7593575 -2.88057827 20.199375 11.2388164 -1.5677162 -0.6041996699999999 -12.399424 -11.43907149 -2.3296695 -0.6847280370500001
2 -1.0349153 -1.9653400004350001 0.8116016 0.50520107 1.6184158 0.50941203 -0.26348248 -0.11937365000000001 -2.9981155 -2.8422445099999996 -0.20333473 -0.018334942955
3 -0.15536073 -0.41593107988 0.7492274 0.49705936 0.1134615 0.02154861 -0.061288323 -0.03679829 -0.9412666 -0.8979630700000001 -0.015494736 0.0002223123027113
4 0.106650226 -0.008816639040000001 0.48909295 0.35393723 0.0072570075 0.00082049 -0.02156487 -0.014775749999999999 -0.36705443 -0.34902648 -0.0010804316 0.00022787534522415002
5 0.12520184 0.0907357047 0.2134711 0.17311349 2.5502872e-05 1.06e-06 -0.005229487 -0.0035362699999999998 -0.08306069 -0.07886724 -4.567817e-06 2.4654987612525e-05
6 0.07690411 0.06426499362 0.103975266 0.09001355 6.798655e-08 5.8e-07 -0.0012322114 -0.00114313 -0.025838982 -0.02460813 -1.9237632e-08 2.128146084462e-06
7 0.046356507 0.040437557175 0.055402756 0.05026336 9.313226e-10 -1e-07 0.0007705685 -0.00044624000000000004 -0.00981682 -0.009379299999999998 0.0 -1.5089621977595003e-07
8 0.05852131 0.025562156805 0.063266754 0.0298453 6.9849193e-09 1e-08 -0.00045776364 -0.00019859 -0.0042876853 -0.00410708 3.2014214e-10 2.251127723325e-05
9 0.12174255 0.013553461120000002 0.13172722 0.01506573 -6.9849193e-09 -0.0 -0.008396149 -7.035e-05 -0.00158852 -0.0014322 3.4924597e-10 -9.718626913245001e-06
10 0.057949793 0.0029182432500000004 0.064554214 0.00828654 -6.9849193e-09 -0.00476801 -0.005443573 -2.906e-05 -0.0011608418 -0.0005863400000000185 3.4924597e-10 1.5116389238900001e-05
11 0.30498514 0.005143065695000001 0.31500053 0.00490041 -6.9849193e-09 -0.00553566 -0.008178711 -1.362e-05 -0.0018366914 -0.0011100500014435966 3.4924597e-10 0.0069019669100000005
1 -0.9650202 -0.9575822318800001 -28.391314 -25.68315502 82.97015 64.75936502 -9.318022 -1.3860359500000001 -36.99971 -34.769501580000004 -9.226129 -3.8782546995000002
2 -9.114755 -10.594095739955002 -10.244655 -7.40422475 22.423742 12.78249689 -2.7446525 -0.6192448200000005 -15.885186 -14.66071599 -2.6640036 -0.6924070469400001
3 -7.5010037 -7.721272721030001 -4.4902782 -3.19195902 5.614002 2.38584434 -0.8568185 -0.29047811 -7.052081 -6.503934480000001 -0.715828 -0.120745458505
4 -5.0457273 -4.769033026750001 -2.5564399 -1.94464037 1.3207982 0.42240733 -0.2952072 -0.14406276 -3.3334315 -3.07955472 -0.18144676 -0.023182508625000004
5 -2.2838736 -1.9574890465500001 -1.3528471 -1.06521918 0.064478606 0.0117137 -0.056135707 -0.044729920000000006 -0.92902994 -0.85742611 -0.010339538 -0.0018275317850000002
6 -1.2271308 -0.99614694114 -0.8805656 -0.67462103 0.0028912723 0.00028021 -0.019210814 -0.01731582 -0.32970616 -0.3041345 -0.0005393736 -0.00035580776000000003
7 -0.75440466 -0.5914247771350001 -0.60940236 -0.45599155 0.00012716651 5.91e-06 -0.0071094106 -0.0076862599999999994 -0.13799284 -0.12765194 -2.7178787e-05 -0.0001009498637836
8 -0.50791407 -0.38707174141 -0.43837214 -0.32297199 5.6624413e-06 -6.5e-07 -0.0046292045 -0.0037613200000000003 -0.064917035 -0.06030395 -1.3578683e-06 -3.38228630232e-05
9 -0.2489259 -0.22990815619000002 -0.22243693 -0.20547622 4.4703484e-08 -2e-08 -0.0019340742 -0.00147683 -0.02455491 -0.02294769 -1.3038516e-08 -7.400628282530001e-06
10 -0.08986498 -0.14940833081000002 -0.07473183 -0.13871684 0.0 -2e-08 -0.0042762756 -0.00065702 -0.010856874 -0.010034040000000001 0.0 -4.2711401905800004e-07
11 -0.48055106 -0.10316259002500001 -0.46054268 -0.09797468 0.0 -0.0 -0.013271332 -0.00032158 -0.0067370455 -0.00486311 0.0 -3.202416736725e-06
0 10.615217 14.637753841365 -22.94349 -10.34158287 74.34313 60.27731706 -4.1355696 -4.87381536 -28.13337 -24.00953385 -8.515486 -6.414631130565001
1 -0.50022435 -0.92575623594 -9.411269 -2.6833314 27.952848 17.22785253 -1.9133652 -1.6713514100000002 -13.887001 -12.26441249 -3.241439 -1.534513461365
2 -3.3947148 -3.4941790211600003 -4.1291943 -0.63269613 9.849228 4.6914554 -0.9259304 -0.683396 -7.022751 -6.51909531 -1.166067 -0.350446987845
3 -3.5080147 -3.0616982070500005 -2.207504 -0.27329869 3.3130054 1.23552188 -0.47443902 -0.3291629 -3.7360868 -3.61514754 -0.40299022 -0.079610962355
4 -2.9381273 -2.282117812575 -1.5063951 -0.30033152 1.0770153 0.31810205 -0.25947902 -0.1812281 -2.1139808 -2.09984641 -0.13528761 -0.018813834155
5 -1.8630273 -1.277249222985 -1.0558964 -0.41160778 0.10607898 0.02027542 -0.09478007 -0.07102223 -0.80404425 -0.81322566 -0.014385544 -0.0016689778400000002
6 -1.2394452 -0.8195704876850001 -0.8419166 -0.41966513 0.0098468065 0.00125283 -0.043126103 -0.03361431 -0.36278936 -0.3671371 -0.0014599748 -0.0004067687150000001
7 -0.8821561 -0.58324290523 -0.6771099 -0.38007546 0.0008852482 7.588e-05 -0.022509465 -0.01769815 -0.18327726 -0.18537947999999999 -0.0001447387 -0.00016570222135465002
8 -0.6581034 -0.44084657603500005 -0.54613346 -0.32916932 7.843971e-05 4.9e-06 -0.01171248 -0.010000779999999999 -0.10032162 -0.10160466 -1.4223158e-05 -7.67227033652e-05
9 -0.38889948 -0.30916509612500004 -0.3370005 -0.25828388 2.0861626e-06 3e-08 -0.00649764 -0.004719040000000001 -0.04540296 -0.04613705 -4.3958426e-07 -2.51465002474e-05
10 0.10294121 -0.22734065348500002 0.1407833 -0.20172493 5.9604645e-08 -4e-07 -0.015022326 -0.0024323699999999997 -0.022819817 -0.02317261 -7.450581e-09 -1.03421737377e-05
11 -0.4454077 -0.17261630678500003 -0.4118786 -0.15870884 0.0 -8e-08 -0.020515444 -0.0013427 -0.013013676 -0.01256279 0.0 -1.903969536549e-06
1 -4.657928 -3.672774956705 -8.15672 -2.21245594 17.417427 10.06307269 -0.33851343 -0.55087017 -11.620701 -10.40867816 -1.9594208 -0.5638433745350001
2 -1.8328736 -1.3516214989350002 -0.49174672 0.42719567 0.8244579 0.20514812 -0.08695833 -0.10589709 -1.9476261 -1.87094518 -0.1310003 -0.007123007755000001
3 -0.54093266 -0.2806964058 -0.054176304 0.2400447 0.03637016 0.00360178 -0.03069998 -0.033787 -0.48454657 -0.49055772000000003 -0.007879963 1.8282186866885e-06
4 -0.2276133 -0.07472771614 -0.050513074 0.11040681 0.0017000437 5.791e-05 -0.012877987 -0.01345052 -0.16546115 -0.17173313 -0.0004611332 -8.791606131485001e-06
5 -0.08978518 -0.023207398365000003 -0.05413176 0.01445778 4.529953e-06 1.4e-07 -0.0031204652 -0.00310575 -0.032535963 -0.034553169999999994 -1.5180558e-06 -6.386777778675001e-06
6 -0.05352264 -0.019141864125 -0.043481834 -0.00804062 2.9802322e-08 -0.0 -0.0006179811 -0.00098006 -0.00942285 -0.01011752 -3.7252903e-09 -3.67785894865e-06
7 -0.042754453 -0.016350957625 -0.0399208 -0.0122894 0.0 -4.63e-06 0.00060272217 -0.00037693 -0.0034363754 -0.00370761 0.0 2.7623005747900002e-05
8 -0.1526837 -0.013519670935000002 -0.13575363 -0.01182351 0.0 0.0 -0.015335083 -0.00016633 -0.0015949942 -0.0015815 1.8626451e-09 5.1668828394850005e-05
9 -0.38707832 0.25680608863 -0.37986374 -0.00931363 0.0 -0.0 -0.0056037903 -5.856e-05 -0.0016107745 -0.0005372999999999975 1.8626451e-09 0.266715592045
10 -0.20959425 -0.007283793375 -0.19385338 -0.00704235 2.9802322e-08 -0.0 -0.010520935 -2.416e-05 -0.00521997 -0.00021629 0.0 -9.868438940935002e-07
11 -0.5417287 -0.005447098595000001 -0.50644684 -0.0053377 1.4901161e-07 -0.0 -0.006157033 -1.12e-05 -0.02912492 -9.842e-05 -2.2351742e-08 2.0881918765860001e-07
1 -6.2606115 -5.841432101840001 -6.860207 -4.63501793 9.052483 7.58915761 -0.85228384 -0.7706330199999998 -6.8556147 -7.5012417 -0.7449883 -0.523697064075
2 -2.7400424 -2.33225349416 -1.7172066 -1.08348403 0.3158788 0.1118878 -0.13480033 -0.11987079000000002 -1.1632423 -1.23352657 -0.040672045 -0.007259901325000001
3 -1.1935304 -0.9166911458350001 -0.86989623 -0.56934648 0.010516427 0.00147192 -0.036526203 -0.03098771 -0.2956913 -0.31730611000000003 -0.0019331016 -0.0005227633050000001
4 -0.6449235 -0.46579982688000005 -0.5296732 -0.34319134 0.00036668032 1.598e-05 -0.013177144 -0.01084945 -0.10235308 -0.11165533000000001 -8.6729415e-05 -0.00011969092459215001
5 -0.26571703 -0.17796536921 -0.24233657 -0.15272412 5.1409006e-07 -6e-08 -0.0028000304 -0.0022104299999999998 -0.020580774 -0.02302732 -1.5832484e-07 -3.4413348737750006e-06
6 -0.3311358 -0.088242083565 -0.3224907 -0.0806407 7.450581e-09 1e-08 -0.0025367737 -0.00064795 -0.006108352 -0.00692828 9.313226e-10 -2.516345409859e-05
7 -0.014161294 -0.05042251746 -0.009988781 -0.04758193 0.0 -1e-08 -0.0017929077 -0.00023988 -0.0023796048 -0.00260238 -4.656613e-10 1.6852533591335e-06
8 -0.007196601 -0.03157258268 0.004083637 -0.03033092 -7.450581e-09 0.0 -0.009853363 -0.00010332 -0.0014268672 -0.00113422 -4.656613e-10 -4.129475982060001e-06
9 -0.33422124 -0.20785736934000001 -0.31554604 -0.01714949 0.0 -0.49922609 -0.01599884 -3.353e-05 -0.0026763622 -0.0003948699999999916 -4.656613e-10 0.30894662827
10 0.048242196 -0.01077783503 0.06123731 -0.01060062 4.4703484e-08 -0.0 -0.00076675846 -1.447e-05 -0.012228385 -0.00016286000000000002 -1.5366822e-08 1.055459091791e-07
11 0.14769046 -0.007080605930000001 0.24949384 -0.00699856 0.0004556775 0.0 -0.0042428337 -6.65e-06 -0.09790854 -7.543e-05 -0.00010767626 2.332213786098e-08
2 7.3811216 9.58655032184 -15.439041 -30.71851449 44.61869 76.1296054 -5.8307433 -4.27507516 -15.4040985 -23.72564244 -0.5636856 -7.823822991945001
3 2.0864725 -0.39085130619 -8.145375 -15.60247289 25.480074 37.49851682 -3.4877443 -2.734057830000001 -11.327375 -15.997244169999998 -0.43310553 -3.5555932206250005
4 -0.3382852 -3.984943336025 -3.9171772 -7.92560111 14.294107 18.26411931 -2.1518514 -1.8168846900000002 -8.2491665 -10.92152597 -0.3141973 -1.585050870705
5 -1.3187848 -4.280116328745001 -0.24270876 -2.05505827 4.30788 4.21633686 -0.8994943 -0.8573970000000001 -4.3414598 -5.28269149 -0.14300215 -0.30130642327
6 -0.8084142 -2.72890085415 0.7641866 -0.48450458 1.241344 0.94585382 -0.42724413 -0.43598085 -2.3302045 -2.69954318 -0.05649617 -0.054726053275
7 -0.26253986 -1.52383762701 0.9446042 -0.01719968 0.34597492 0.20781165 -0.2280603 -0.23831599999999997 -1.3047856 -1.4669369 -0.0202731 -0.00919670642
8 0.079290874 -0.802356344425 0.8937193 0.14096124 0.094050564 0.0449523 -0.13311757 -0.13904342 -0.7685609 -0.84803255 -0.006800586 -0.00119391987
9 0.30334136 -0.26788934807500003 0.73890316 0.20934676 0.012891114 0.00443101 -0.06682343 -0.06852725 -0.38041866 -0.41330983000000004 -0.0012108386 0.00016996243484435
10 0.35580716 -0.04456849262 0.59744024 0.21440015 0.0017199814 0.00041209 -0.037032586 -0.037066379999999996 -0.20611966 -0.22245278000000002 -0.00020077918 0.0001384191519567
11 0.34375435 0.049776303145 0.48531842 0.20015356 0.00022593886 3.526e-05 -0.02199521 -0.02150449 -0.11976303 -0.1289836 -3.1763222e-05 7.55773190133e-05
1 -4.0009327 -1.306403090045 -9.439437 -10.55325354 32.48896 38.49766626 -1.805989 -1.7898200399999986 -23.190655 -25.42755158 -2.0538118 -2.03344418394
2 -5.9500637 -5.281077124135 -1.9657773 -0.93520176 2.5735087 2.54130298 -0.6600618 -0.6228924899999999 -5.7634583 -6.14989848 -0.13427475 -0.114387390175
3 -2.884447 -2.3380391247250003 -1.1374296 -0.51847277 0.17421383 0.14071097 -0.21361348 -0.20527442 -1.6972811 -1.74844375 -0.010336757 -0.006559155375
4 -1.4783702 -1.108975676985 -0.80820936 -0.43229453 0.010815106 0.00684824 -0.077468075 -0.07525272 -0.60261834 -0.6074203199999999 -0.000889563 -0.000856359335
5 -0.54940706 -0.37982336603 -0.41733718 -0.24795469 3.7424266e-05 1.151e-05 -0.014994249 -0.01468352 -0.117107354 -0.11711115999999999 -5.746726e-06 -8.55044463596e-05
6 -0.2681575 -0.17798477165500004 -0.23090938 -0.14069698 1.1920929e-07 5e-08 -0.004203935 -0.00407403 -0.033044294 -0.033195 -2.9336661e-08 -1.8810830819295002e-05
7 -0.15109071 -0.098067597235 -0.13840294 -0.08476333 -7.450581e-09 1e-07 -0.00092315744 -0.0014225000000000002 -0.011764623 -0.011879569999999999 0.0 -2.283205131894e-06
8 -0.052755248 -0.059848114970000005 -0.04860115 -0.05428843 0.0 1e-08 0.00075531006 -0.00058262 -0.0049094073 -0.0049772 0.0 1.3284961028115e-07
9 -0.12277801 -0.03238570003 -0.11959267 -0.03057242 0.0 2e-08 -0.0015182495 -0.00018868 -0.0016670935 -0.00165749 0.0 3.287850480470001e-05
10 0.18534084 -0.019468843895 0.18860435 -0.01875051 -7.450581e-09 0.0 -0.0024795532 -7.322e-05 -0.00078396965 -0.0006575099999999168 4.656613e-10 1.2383314863695002e-05
11 0.016361538 -0.012149973840000002 0.02079773 -0.01228358 0.0 -0.00192546 -0.0038871765 -3.2349999999999994e-05 -0.00054901466 -0.00029582 4.656613e-10 0.002387235875
1 2.7966583 6.82197748182 -8.077287 -3.93021458 36.207485 37.18753943 -0.8915343 -2.3289960900000004 -22.485374 -22.32648689 -1.9566319 -1.779864388475
2 -0.914506 -0.8092344192850001 1.8441198 3.65910107 4.671796 3.26998418 -0.4144338 -0.83940241 -6.7056255 -6.7905646399999995 -0.3103624 -0.108352625915
3 -0.049554534 0.098822901075 1.9796796 2.49425553 0.5353711 0.27157447 -0.22572736 -0.31001212 -2.2947705 -2.35455023 -0.044107385 -0.00244476058
4 0.3159349 0.43381005225 1.3039176 1.4866779 0.058324873 0.02186401 -0.11468348 -0.13034983 -0.9257258 -0.94527639 -0.005898226 0.0008943503200000002
5 0.29866633 0.34081106153 0.5460273 0.59060519 0.000682354 0.00013489 -0.030884337 -0.031992320000000005 -0.21706277 -0.21803440999999998 -9.622052e-05 9.77175361694e-05
6 0.18352318 0.19916134577000003 0.26281136 0.2784146 8.34465e-06 -1.9e-07 -0.010108766 -0.01037091 -0.06918627 -0.06888961 -1.4826655e-06 7.453854282635001e-06
7 0.113279685 0.11874892328500002 0.14282791 0.1492771 5.9604645e-08 8e-08 -0.0027732863 -0.00401186 -0.026774986 -0.02652716 -1.8626451e-08 1.0770006261590002e-05
8 0.10193765 0.07447530057000001 0.11556816 0.08795861 0.0 -1e-08 -0.0017623901 -0.00176348 -0.011868119 -0.011718919999999999 0.0 -9.036750930590001e-07
9 0.33547017 0.040538035060000005 0.3611431 0.04525653 0.0 -1e-08 -0.020954132 -0.00061326 -0.0047188103 -0.00413298 0.0 2.77673132048e-05
10 0.35674146 0.024117449175000003 0.36799812 0.02608215 0.0 0.0 -0.005077362 -0.0002493 -0.006179303 -0.0017075999999999999 0.0 -7.82143087264e-06
11 0.09876093 0.015101744725 0.1109848 0.01646105 0.0 -0.0 -0.0007286081 -0.00011386 -0.011495262 -0.00079207 -3.7252903e-09 -0.00045337134000000004
2 -8.65354 -9.325470050485 -7.7496104 -6.94199147 17.219542 14.87726555 -0.90433466 -0.8487737099999997 -15.732118 -15.688329079999999 -1.4870173 -0.7236413339450001
3 -6.0559363 -6.3703115616 -2.892586 -2.43195437 2.2891557 1.19822579 -0.23951797 -0.28536706 -4.933018 -4.79625457 -0.27996966 -0.054961350585000006
4 -3.1973069 -3.2011053782400003 -1.6259623 -1.51974991 0.29652056 0.08057988 -0.07722767 -0.09231465 -1.7402768 -1.66458033 -0.050360773 -0.005040356135
5 -1.1057644 -1.0456277442600002 -0.7817292 -0.7303858 0.0049185604 0.00024543 -0.0143930325 -0.01518805 -0.31329238 -0.30005531 -0.0012683552 -0.00024401378490225
6 -0.5248214 -0.47841968645500005 -0.43846154 -0.39486718 7.69496e-05 1.36e-06 -0.004342152 -0.003997280000000001 -0.08207028 -0.07952086 -2.4382956e-05 -3.57388058952e-05
7 -0.29687402 -0.26460755184 -0.2680677 -0.23627212 1.1175871e-06 -2.2e-07 -0.0012512351 -0.00138267 -0.027555829 -0.026953800000000003 -3.9488077e-07 1.2461125310660002e-06
8 -0.23391314 -0.16404029482000002 -0.221653 -0.15265203 2.9802322e-08 -6e-08 -0.0012702944 -0.0005694900000000001 -0.010989877 -0.010819529999999999 -6.519258e-09 8.082541284735001e-07
9 -0.18363997 -0.09152519255 -0.17072678 -0.08797859 1.4901161e-08 -0.0 -0.009277344 -0.00018691 -0.003635861 -0.0034336199999999996 0.0 7.39222353193e-05
10 0.31391427 -0.056679294000000005 0.3216362 -0.05532369 1.4901161e-08 0.0 -0.005531311 -7.358e-05 -0.0021906272 -0.00131525 0.0 3.32158889061e-05
11 0.17861956 -0.037664766625000005 0.1819458 -0.03707312 0.0 0.0 -0.0010986328 -2.8120000000000002e-05 -0.0022276044 -0.0005715699999999935 -9.313226e-10 8.046591625985e-06
1 0.32854223 -1.0418513825900002 -8.149861 -4.84050429 26.90926 19.65166018 -0.4299426 -0.63209677 -15.033369 -14.102770809999999 -2.967545 -1.11813969593
2 -1.8749758 -1.98785263899 -0.2682591 0.27133539 1.5702827 0.57997261 -0.09966949 -0.08518361 -2.8629332 -2.7337447399999997 -0.2143968 -0.020232286785
3 -0.49275804 -0.46392716275000007 0.21076769 0.26601971 0.078953624 0.01373608 -0.027625049 -0.02439211 -0.74119145 -0.71951548 -0.013662849 0.0002246390055834
4 -0.06758429 -0.07239826752 0.19441535 0.18693247 0.003991276 0.00028316 -0.010583948 -0.009680840000000001 -0.25457403 -0.25008572 -0.00083292834 0.000152662963622
5 0.07322891 0.05293979435 0.12557055 0.10511022 1.14142895e-05 -3.9e-07 -0.0025456198 -0.00227111 -0.049804546 -0.049918580000000004 -2.8871e-06 1.9659633282665002e-05
6 0.12609114 0.050944283075000006 0.14238738 0.06622169 2.9802322e-08 1e-07 -0.0019569441 -0.00072753 -0.014339311 -0.01455449 -9.313226e-09 4.517471663175e-06
7 -0.008020061 0.0389345897 0.0046463013 0.04449677 0.0 1.05e-06 -0.007396698 -0.00028052 -0.0052696643 -0.00531885 0.0 3.61444913289e-05
8 -0.17854568 0.028962756915000002 -0.15937233 0.0313567 0.0 0.0 -0.016456604 -0.00012427 -0.0027167564 -0.00226423 0.0 -5.46298218737e-06
9 0.15076736 0.018979870775 0.15517998 0.01989792 0.0 0.0 -0.0020980835 -4.391e-05 -0.0023145443 -0.00076757 0.0 -0.00010656888615725001
10 -0.10293999 0.012937702605 -0.097984314 0.01326484 0.0 -0.0 -0.0025138855 -1.815e-05 -0.00244179 -0.00030848000000000003 0.0 -4.96295828536e-07
11 0.4997451 0.009163651375 0.52238655 0.00931211 0.0 0.0 -0.019649506 -8.42e-06 -0.0029919557 -0.00014018 0.0 1.4705202516285002e-07
1 0.8764763 -2.43357626506 -14.05189 -15.91139331 38.57379 37.96307923 -0.74314475 -1.3180312800000014 -19.709507 -20.110355990000002 -3.192772 -3.056874901
2 -3.6550758 -5.04732689001 -2.5726802 -2.1357184 5.6814165 3.7818902 -0.14507031 -0.27264785999999985 -6.014795 -6.17181948 -0.6039469 -0.249031326755
3 -1.8044628 -2.2297903110800004 -0.39934564 -0.36695536 0.74560654 0.34873122 -0.043476872 -0.06463033000000001 -2.009259 -2.1277488399999998 -0.09798778 -0.019187022725
4 -0.73730147 -0.8839939039750001 -0.008890729 -0.04699163 0.09080333 0.02967033 -0.01766515 -0.02168393 -0.78689075 -0.84361172 -0.014658227 -0.001376943475
5 -0.11975919 -0.144737540055 0.0644986 0.05277444 0.0013128778 0.00017863 -0.0055585625 -0.00489836 -0.17971234 -0.19279824 -0.00029976445 5.9935859180000005e-06
6 -0.012029939 -0.01546676799 0.047500335 0.04771096 2.0925538e-05 9.7e-07 -0.0022972233 -0.00162763 -0.05724808 -0.06155333 -5.897775e-06 2.253756536706e-06
7 0.008154772 0.009446023900000001 0.03106562 0.03420896 3.5774428e-07 -7.51e-06 -0.0005722198 -0.000654 -0.022338873 -0.02410538 -1.139706e-07 3.9600799297900005e-06
8 0.010414472 0.012442927130000002 0.019970888 0.02358288 1.0826625e-08 5e-08 0.0004577634 -0.00029868 -0.0100141885 -0.01084009 -2.4374458e-09 -1.2269772018105e-06
9 0.26586226 0.00952925225 0.27885532 0.01364144 2.7939677e-09 -2.704e-05 -0.009353638 -0.00010947 -0.0036394366 -0.003920099999999999 -7.2759576e-11 -5.55954492677e-05
10 0.2631729 0.006416328175 0.27047443 0.00811648 2.7939677e-09 1e-08 -0.0054740906 -4.662e-05 -0.001827463 -0.00165631 -7.2759576e-11 2.763952775685e-06
11 0.06496917 0.00418698987 0.070485115 0.00511901 2.7939677e-09 -0.0 -0.0040016174 -2.218e-05 -0.00151433 -0.0007835099999999873 -7.2759576e-11 -0.00012634137726630002
1 -1.7505442 -2.699885219665 -3.1064873 -5.07034671 6.154437 12.8868613 -0.17225182 -1.2737925899999998 -5.321102 -8.368873500000001 0.69485986 -0.873733712525
2 -1.1719396 -1.756958528785 0.103813685 -0.09865938 0.30631995 0.35513072 -0.22655651 -0.30085708 -1.380375 -1.69988052 0.024858184 -0.012692270865
3 -0.11823786 -0.370197154065 0.38635457 0.19946831 0.013671905 0.00925208 -0.08850337 -0.08869359 -0.4303058 -0.49056131000000003 0.00054483674 0.00033737675000000006
4 0.17599344 0.012027888090000001 0.37859118 0.23033362 0.0005825311 0.00022964 -0.03634312 -0.03290831 -0.16683109 -0.18579464 -6.040558e-06 0.00016759871819835002
5 0.22317109 0.133876686715 0.27083933 0.18316877 1.0579824e-06 -2e-08 -0.009392027 -0.00701519 -0.038277164 -0.04228754 -1.359731e-07 1.0678508164200001e-05
6 0.20451593 0.11407209388000002 0.21983337 0.12978622 2.9802322e-08 -2.926e-05 -0.0030822775 -0.0021417 -0.012235202 -0.01353614 -1.8626451e-09 -7.028767716685e-06
7 0.19024333 0.08578626963 0.19933891 0.09189712 2.9802322e-08 -1e-08 -0.004295349 -0.00080791 -0.0048002563 -0.0053046099999999995 9.313226e-10 1.6723193532325e-06
8 0.04539351 0.063763234315 0.05197715 0.06650869 -1.4901161e-08 -0.0 -0.0043563843 -0.00035279 -0.0022272444 -0.00238366 1.8626451e-09 -8.995779189185e-06
9 -0.04834249 0.041894053300000005 -0.042522438 0.04287584 -2.9802322e-08 0.0 -0.0047836304 -0.0001233 -0.0010363916 -0.0008595899999999999 1.8626451e-09 1.104465220264e-06
10 -0.047161706 0.039914925145 -0.04167176 0.02906682 -2.9802322e-08 0.0 -0.0046920776 -4.5900000000000004e-05 -0.0007978389 -0.00036093000000000236 1.8626451e-09 0.011254940889999999
11 -0.12470636 0.020350434285 -0.11989594 0.02054445 -2.9802322e-08 0.0 -0.003692627 -2.352e-05 -0.0011177612 -0.00017056000000000002 1.8626451e-09 5.16564609771e-08
1 -2.6179945 -3.421791124365 0.95564216 0.9668264 4.252622 3.03288892 -0.5585344 -0.3171229200000001 -6.8062677 -6.97147533 -0.46145645 -0.132908192275
2 0.21846941 -0.15645821839000001 1.4408431 1.12095555 0.08917813 0.04130672 -0.09104347 -0.07438677 -1.206812 -1.24634445 -0.013696288 0.0020107391750000003
3 0.5800434 0.36306330299500006 0.93226 0.72038917 0.002112329 0.00047189 -0.027862918 -0.025440340000000002 -0.32602474 -0.33300570999999995 -0.00044123083 0.00064828846
4 0.4942997 0.35368814134000004 0.6191613 0.47971422 5.878508e-05 4.59e-06 -0.0110623175 -0.01027159 -0.11384311 -0.11592054 -1.4923513e-05 0.00016147014219785
5 0.28514948 0.21564155676000002 0.30954164 0.24021004 2.9802322e-08 -7e-08 -0.002552044 -0.0023185600000000003 -0.021840125 -0.022263810000000002 -1.5832484e-08 1.3945532023450002e-05
6 0.16880399 0.12931729592500002 0.17553711 0.1362262 -1.4901161e-08 -1e-08 -0.00067520136 -0.00070363 -0.0060579106 -0.00618524 -9.313226e-10 -2.0016807562905002e-05
7 0.44224298 0.081934162285 0.46094704 0.08438351 -1.4901161e-08 -8.5e-07 -0.016551971 -0.00026006 -0.0021520853 -0.00216358 -9.313226e-10 -2.487049051663e-05
8 -0.33966202 0.054749892815000006 -0.33058357 0.05555794 -1.4901161e-08 0.0 -0.007881165 -0.00011074 -0.0011972748 -0.00088715 0.0 0.00018985002682320003
9 0.23672979 0.11595568009 0.2416935 0.03278365 1.4901161e-08 0.0 -0.0027542114 -3.727e-05 -0.0022095107 -0.00028729000000000005 0.0 0.08349657108000001
10 0.095768616 0.02073756426 0.108133316 0.02086378 1.4901161e-08 0.0 -0.001499176 -1.483e-05 -0.010865536 -0.00011135999999999999 0.0 -2.3547735628800002e-08
11 0.09514546 0.014027363870000002 0.19657907 0.01408311 1.0117888e-05 0.0 -0.00982798 -6.67e-06 -0.09161371 -4.916e-05 -2.0368025e-06 8.853760223105e-08
1 -9.709271 -8.346043711115 -8.948097 -7.98818676 11.117955 12.86386643 -0.81137913 -0.9335941700000001 -10.396499 -11.44650418 -0.6712517 -0.8416250552550001
2 -4.444485 -3.84364320559 -2.5599344 -1.64235348 0.47233993 0.4043217 -0.17261578 -0.19833230000000002 -2.1443286 -2.3861248 -0.039946117 -0.021154336130000003
3 -2.1217391 -1.60431671094 -1.4522252 -0.87675287 0.017847061 0.01192911 -0.056354225 -0.05999686 -0.62899953 -0.67789894 -0.0020071738 -0.00159714416
4 -1.2209458 -0.845819396525 -0.963642 -0.57548727 0.0006855801 0.00032955 -0.022273172 -0.023010899999999997 -0.23561692 -0.24728471 -9.9264085e-05 -0.00036607346500000006
5 -0.5502273 -0.35534806120500007 -0.49516365 -0.29867454 1.206994e-06 -3e-07 -0.004810564 -0.0050292 -0.05025407 -0.05160014 -2.5238842e-07 -4.387704172765e-05
6 -0.30287156 -0.19250386542 -0.28723526 -0.1756958 0.0 -1.7e-07 -0.00065231393 -0.00151563 -0.014983983 -0.015284009999999999 -4.656613e-10 -8.2764361138e-06
7 -0.3315935 -0.1180283023 -0.32369614 -0.11184268 0.0 -1e-08 -0.0023765564 -0.00055897 -0.0055208094 -0.00560699 9.313226e-10 -1.9650298737495e-05
8 -0.4716132 -0.078047477105 -0.45576477 -0.0754237 0.0 -3.45e-06 -0.0132751465 -0.00023817 -0.0025732853 -0.0023835799999999997 9.313226e-10 1.4341850040720001e-06
9 0.17141898 -0.04622938392 0.17612648 -0.0451846 -3.7252903e-09 -0.0 -0.002319336 -8.034e-05 -0.0023881644 -0.0008034800000000231 0.0 -0.00016098249600555
10 0.059578214 -0.034568829535000005 0.06312561 -0.0292165 -3.7252903e-09 -0.00499953 -0.0008201599 -3.213e-05 -0.0027272382 -0.00032067 0.0 -1.676609979464e-08
11 0.005642535 -0.02007604328 0.009826664 -0.01991739 -3.7252903e-09 0.0 -0.0016860962 -1.445e-05 -0.0024980286 -0.00014474 0.0 5.215731605990001e-07
0 22.716757 21.769265905925 -18.332323 -20.18069875 76.28384 82.15658591 -1.0293298 -3.3139536199999995 -28.654205 -28.53578855 -5.551222 -8.356879097105
1 0.26505136 -1.3762052631650001 -0.9710469 -1.23227822 9.908999 8.73478638 -0.27634 -0.37551504999999996 -7.480814 -7.862031479999999 -0.9157462 -0.64116689627
2 -0.07965635 -1.10759794586 1.2414609 0.67099181 1.0444332 0.67380225 -0.10259427 -0.08353606999999999 -2.130122 -2.3379550100000004 -0.13283418 -0.030900927270000003
3 0.47820786 -0.16913410613500002 1.1773686 0.6355376 0.107349396 0.04393833 -0.04642112 -0.03392896 -0.74166465 -0.8142620700000001 -0.01842435 -0.00041900354500000003
4 0.59397846 0.151426106325 0.91842794 0.50158211 0.011500299 0.00259165 -0.023512669 -0.017023029999999998 -0.30992573 -0.33608099 -0.0025113663 0.000356359115
5 0.47313648 0.23118139241500002 0.5582195 0.31969872 0.00015282631 8.36e-06 -0.0075550186 -0.00544506 -0.07763569 -0.08315222 -4.5107678e-05 7.160330156425e-05
6 1.0385141 0.18550690792 1.0789121 0.21556929 2.2947788e-06 -4.5e-07 -0.014194519 -0.00212173 -0.02620509 -0.02794632 -7.683411e-07 6.12219482777e-06
7 0.93328786 0.13968473905 0.96934503 0.1519592 2.9802322e-08 -3.6e-07 -0.0246315 -0.0009479 -0.011425746 -0.01133276 -1.1175871e-08 6.548319463910001e-06
8 0.5794934 0.105323849115 0.6036205 0.11105594 0.0 -3.009e-05 -0.015457153 -0.00046851 -0.008669991 -0.00522916 9.313226e-10 -4.334485944140001e-06
9 0.1527555 0.070967553805 0.17367934 0.07308682 0.0 0.0 -0.0033607506 -0.00018743 -0.017563086 -0.00194526 -3.7252903e-09 1.3440059867625e-05
10 -0.078856364 0.049704364445 -0.027757421 0.05067359 3.002584e-06 -0.0 -0.0029947972 -8.506e-05 -0.048106343 -0.00083897 -8.0186874e-07 -4.5192841245900005e-05
11 -0.19283548 0.06808845676000001 -0.056667123 0.0364805 0.00029817224 -0.01921733 -0.005251327 -4.316e-05 -0.13114396 -0.00040306999999999995 -7.123593e-05 0.051271525395
1 -0.3563156 -2.07684280627 -1.325916 -1.64845071 13.726548 10.93127484 -1.1142373 -0.36356434999999987 -10.08675 -10.3541456 -1.5559597 -0.641956987985
2 -0.36210182 -0.975295246395 1.3120451 0.89827955 0.5723078 0.35847735 -0.17006493 -0.08302189 -2.0065832 -2.13922495 -0.0698066 -0.009805323575
3 0.32777396 0.03297990319000001 0.92077094 0.65256399 0.020180836 0.01017171 -0.036259692 -0.0271582 -0.5741632 -0.6032266799999999 -0.0027548932 0.000629096055
4 0.3979741 0.221903400515 0.62271583 0.45228971 0.00069889426 0.0002522 -0.013016655 -0.01099262 -0.21231519 -0.21987866 -0.00010881759 0.00023278403962300002
5 0.27377817 0.19263009946 0.3218534 0.24140163 1.013279e-06 -8e-08 -0.0031330965 -0.0025732 -0.044942938 -0.04621233 -1.9930303e-07 1.407172300525e-05
6 0.17341647 0.12866155104500002 0.18750763 0.14327048 -1.4901161e-08 1.9e-07 -0.0006752044 -0.0008119199999999999 -0.013415955 -0.013800360000000001 0.0 3.1482661405400004e-06
7 0.11418193 0.086249119025 0.118608475 0.09168602 -1.4901161e-08 -2e-08 0.00052642816 -0.0003106 -0.0049529597 -0.0051015800000000005 0.0 -2.4692871450870003e-05
8 0.3432148 0.05983929329 0.3506298 0.0621399 0.0 -1.43e-06 -0.005290985 -0.00013611 -0.0021240227 -0.00218378 1.8626451e-09 2.0703872793800003e-05
9 0.13817015 0.03653992366 0.14411163 0.03754008 -1.4901161e-08 -0.0 -0.00504303 -4.74e-05 -0.00089844316 -0.0007425700000000014 0.0 -0.00021018285004185
10 0.090823516 0.013514262405000001 0.097240455 0.02433761 -1.4901161e-08 -0.00645245 -0.0054893494 -1.933e-05 -0.00092757493 -0.004351210000095307 0.0 -3.6986946803550004e-07
11 0.046108864 0.016522534050000003 0.048208237 0.01666643 0.0 0.0 -0.00034332275 -8.89e-06 -0.0017560497 -0.00013550999999999998 0.0 4.964807766325e-07
0 22.987556 28.69284180989 -44.494946 -43.81782596 136.17935 138.79844737 -5.4955654 -4.0831200199999955 -52.397823 -50.85432213 -10.803456 -11.350337461065001
1 -7.7509336 -8.615293645800001 -5.69372 -4.1016756 9.119972 6.43458209 -0.77341664 -0.52284876 -9.550805 -9.99898603 -0.8529642 -0.42636534198000003
2 -3.8696816 -3.7522052584050005 -1.9264121 -1.4757307 0.50232995 0.23634254 -0.16490306 -0.13056030999999998 -2.2205665 -2.36459012 -0.060129873 -0.01766667444
3 -1.858554 -1.65860076129 -1.1396562 -0.90054355 0.025915906 0.00742782 -0.054087814 -0.04595073 -0.6866521 -0.71770793 -0.0040737307 -0.0018263765650000001
4 -1.0484982 -0.8877974920800001 -0.765215 -0.59893808 0.0013522506 0.00020354 -0.022674 -0.01936178 -0.26169005 -0.26928417 -0.00027127098 -0.000417008165
5 -0.45689356 -0.363593076385 -0.39489856 -0.3017216 4.261732e-06 -7.4e-07 -0.0058484315 -0.00472122 -0.05614967 -0.057104800000000004 -1.1688098e-06 -4.470929897265001e-05
6 -0.24762526 -0.190979158805 -0.229414 -0.1724794 0.0 2.5e-07 -0.0015182511 -0.0015496 -0.016693015 -0.016939890000000003 -4.656613e-09 -1.0520736171865e-05
7 -0.15223168 -0.11451640724500001 -0.14484024 -0.10763502 -1.4901161e-08 -0.0 -0.0012741089 -0.0005886 -0.0061173146 -0.00620858 -9.313226e-10 -8.419272634325e-05
8 -0.10075745 -0.07454576899000001 -0.09722328 -0.07209094 0.0 -2.515e-05 -0.0009384155 -0.00026006 -0.002595752 -0.00263656 -9.313226e-10 0.0004669451750000001
9 -0.11185925 -0.043540635625000004 -0.10357094 -0.04259342 0.0 -0.0 -0.007385254 -9.136e-05 -0.0009030546 -0.0008877900000000001 -9.313226e-10 3.1947579694400004e-05
10 0.033979848 -0.037027085185 0.043153763 -0.02732809 0.0 -0.00930634 -0.008598328 -3.759e-05 -0.0005755867 -0.0003541300000000011 -9.313226e-10 -9.29831757582e-07
11 0.06408298 -0.01875531176 0.067121506 -0.01857876 0.0 0.0 -0.0023002625 -1.733e-05 -0.00073826266 -0.00015979 -9.313226e-10 5.841242566995001e-07
2 -0.6855002 -3.252026136835 -7.3944488 -10.65111018 17.205786 23.89581267 0.4008615 -1.207914240000001 -10.741261 -13.82732914 -0.15643792 -1.46148525763
3 -3.526073 -5.6134271706000005 -2.344614 -3.04518203 4.4021063 4.39565968 -0.26034337 -0.6486397800000001 -5.2015853 -6.09036811 -0.12163657 -0.22489694310500002
4 -2.6789412 -3.7606913207400003 -0.864063 -1.30664845 1.0720992 0.79598616 -0.24340674 -0.32979261 -2.5938632 -2.8840817 -0.04970735 -0.0361547103
5 -1.0168169 -1.38650517843 -0.20521377 -0.49868405 0.057783715 0.02546733 -0.093387805 -0.09747928 -0.7711225 -0.81411425 -0.0048764525 -0.0016949177800000001
6 -0.38661835 -0.58294926931 -0.06528753 -0.24930665 0.0028952137 0.00081224 -0.035760146 -0.03616763 -0.2881084 -0.29802407999999997 -0.00035747373 -0.000263153865
7 -0.15671603 -0.28034899964000004 -0.014305395 -0.13429623 0.00014041364 2.381e-05 -0.015794577 -0.01584609 -0.1267335 -0.13015199 -2.2972934e-05 -7.84941644471e-05
8 -0.06365474 -0.147283592425 0.0066583036 -0.07548301 6.7427754e-06 8e-07 -0.00785372 -0.00778096 -0.06246469 -0.0639949 -1.3792887e-06 -2.5512180465010004e-05
9 -0.010636999 -0.062129700725 0.016757943 -0.03328824 6.7055225e-08 1e-07 -0.0022659895 -0.00311632 -0.025129 -0.02571967 -1.9557774e-08 -5.5773051740300005e-06
10 0.0048046364 -0.028053152440000003 0.017845156 -0.0148372 7.450581e-09 2e-08 -0.0015220651 -0.00142015 -0.011518461 -0.011792200000000001 0.0 -3.62888528711e-06
11 0.009678602 -0.012688542655000001 0.016263962 -0.00620412 0.0 -0.0 -0.00077438354 -0.00071315 -0.005810975 -0.005951649999999999 -4.656613e-10 0.00018038069478440002
1 -0.25740802 -0.40102385845000005 -2.385499 -5.14936073 10.791958 17.89175103 -1.2765201 -1.5081653 -7.5141373 -10.10701136 0.12679063 -1.52823749242
2 -0.44311875 -0.881132319015 0.8445612 0.74738106 0.4119143 0.43397663 -0.2024521 -0.26948102 -1.493493 -1.77185127 -0.0036491612 -0.02115769677
3 0.14508909 0.041416973695000005 0.59237635 0.54578417 0.011866972 0.00875408 -0.05535916 -0.06746106 -0.40336338 -0.44561663 -0.00043169037 -4.359055924495e-05
4 0.21371414 0.17376609200000004 0.37750334 0.3493862 0.00029948354 0.00015598 -0.020254564 -0.022774739999999998 -0.14381376 -0.15303601 -2.03643e-05 3.465765571355e-05
5 0.14299315 0.12953208808 0.1766662 0.16439845 1.7881393e-07 2e-07 -0.0042457916 -0.004344519999999999 -0.029427407 -0.03051528 -2.7939677e-08 -6.755376213280001e-06
6 0.08654179 0.07976229617500001 0.095918655 0.08990617 -1.4901161e-08 1e-08 -0.0007171631 -0.00123044 -0.008659691 -0.00891402 9.313226e-10 5.723141958425001e-07
7 0.11390515 0.05080489528 0.117837906 0.05446934 -1.4901161e-08 -0.0 -0.00075531006 -0.00043867 -0.0031774337 -0.00325813 9.313226e-10 3.23633228935e-05
8 0.27648184 0.034334346130000006 0.28567314 0.03600323 0.0 0.0 -0.0077323914 -0.00018304 -0.0014588987 -0.0013856 0.0 -0.00010025574958405
9 0.6349637 0.32052125004 0.64481544 0.0205341 0.0 0.0 -0.008491516 -6.059e-05 -0.0013602222 -0.0004686300000000254 0.0 0.30051635781
10 -0.33830222 0.01274223413 -0.32440758 0.01295415 -1.4901161e-08 0.0 -0.011112213 -2.39e-05 -0.0027824338 -0.00018784000000000002 9.313226e-10 -1.6793593111715002e-07
11 0.12770995 0.008590662255000001 0.13725281 0.00868634 0.0 -0.0 -0.00070190476 -1.07e-05 -0.008840952 -8.515000000000001e-05 -1.8626451e-09 1.7722670106310001e-07
1 7.1813545 8.24829752759 -30.626183 -27.42891558 67.49473 71.64976534 1.394953 -2.46930669 -26.42251 -27.73195089 -4.6596355 -5.771294626115001
2 -3.9104428 -5.86148152255 -11.274188 -8.14232195 20.884497 18.11314776 0.34849668 -1.2252220300000003 -12.405709 -13.33707291 -1.4635386 -1.27001237355
3 -5.2589173 -6.11549518189 -4.7548885 -2.9527747 5.9899015 4.43991436 -0.06520054 -0.6826356299999998 -5.992564 -6.648395750000001 -0.4361654 -0.271603485395
4 -4.2870083 -4.3510494885 -2.5689597 -1.5031798 1.6255212 1.06637502 -0.15647797 -0.39218926000000004 -3.0620754 -3.46208649 -0.12501639 -0.059968966735
5 -2.3206134 -1.984505205255 -1.3411647 -0.80047058 0.10732485 0.0589941 -0.10420783 -0.14295626 -0.97307163 -1.0955855099999998 -0.009494053 -0.0044869532450000004
6 -1.3384697 -1.0417392737400002 -0.909363 -0.56185367 0.006518215 0.00310803 -0.05103336 -0.05984896 -0.38391498 -0.42229806999999997 -0.0006766524 -0.000846592475
7 -0.85408777 -0.630348759815 -0.6532532 -0.41246371 0.00038152933 0.0001568 -0.025662206 -0.028096939999999997 -0.17550723 -0.18967404000000002 -4.6656467e-05 -0.00027087283500000004
8 -0.58630115 -0.41958278281 -0.48354933 -0.31002561 2.2143126e-05 7.49e-06 -0.013843551 -0.0144008 -0.088927284 -0.09505824999999998 -3.1692907e-06 -0.00010560266329985002
9 -0.36503652 -0.25445702752500005 -0.32206163 -0.20947591 2.9802322e-07 1.4e-07 -0.006145533 -0.00596271 -0.0368296 -0.03898642999999999 -5.3085387e-08 -3.21212428668e-05
10 -0.24417487 -0.16811774883000002 -0.22429466 -0.14718361 0.0 -3e-08 -0.0026550312 -0.00279605 -0.017225178 -0.018131949999999994 -9.313226e-10 -6.10001701923e-06
11 -0.38694984 -0.11762166486000002 -0.37295341 -0.10694862 0.0 -2e-08 -0.0051498413 -0.00141781 -0.008846568 -0.009251249999999999 -9.313226e-10 -3.96022091914e-06
1 -0.39891344 1.197045028905 6.890234 5.93825984 7.726365 9.89124266 -2.3798046 -1.6867032400000004 -11.965465 -12.55299877 -0.6702433 -0.39275547632
2 1.0971608 0.79897162859 3.3738322 3.10515386 0.1944736 0.19488205 -0.28404772 -0.30574261 -2.167576 -2.19611408 -0.01952102 0.0007924021550000001
3 0.9527342 0.7755571570400001 1.5804588 1.3995264 0.0044641197 0.00336901 -0.066630885 -0.07294211 -0.56497097 -0.55502106 -0.0005869493 0.0006249215100000001
4 0.6335784 0.527888359765 0.84643555 0.73590817 0.0001052022 4.849e-05 -0.022051856 -0.02300948 -0.19089246 -0.18516684 -1.79708e-05 0.00010800509084295
5 0.2817555 0.23858994955 0.32068822 0.27614567 -2.9802322e-08 -4e-08 -0.00393684 -0.00382571 -0.034995854 -0.033736220000000004 -1.4901161e-08 6.25726840117e-06
6 0.14288734 0.12175892776000001 0.1528721 0.13179737 0.0 1e-08 -0.0005607605 -0.00095723 -0.009424003 -0.00907721 3.7252903e-09 -4.02696569751e-06
7 0.08171223 0.06943662475500001 0.08400917 0.07273662 0.0 -4.5e-07 0.00092697167 -0.00031049 -0.0032239128 -0.00310459 0.0 0.0001155220777148
8 0.112958506 0.042678894015 0.116197586 0.04426026 -5.9604645e-08 -1e-08 -0.0019226072 -0.00012012 -0.0013164142 -0.00125165 0.0 -0.000209598243872
9 0.10318665 0.01969975662 0.10773277 0.02378012 0.0 -0.00378478 -0.003982544 -3.586e-05 -0.0005635787 -0.00039779 0.0 0.00013806266077905001
10 -0.41621953 0.014039467425 -0.4112072 0.01420465 0.0 -0.0 -0.004558563 -1.346e-05 -0.00045376457 -0.00015209000000000002 0.0 3.6771389315300003e-07
11 -0.014093595 0.00907462067 -0.0068073273 0.00914685 0.0 0.0 -0.006454468 -5.73e-06 -0.0008317996 -6.644e-05 0.0 -7.994068550995e-08
1 -2.641319 -4.07658680735 -1.2506496 -1.15834891 10.865523 8.64500082 -0.78141314 -0.49192707999999974 -10.478902 -10.50326151 -0.9958779 -0.568050108165
2 -0.9385404 -1.397705220115 1.0156994 0.66053749 0.37065154 0.26607133 -0.122805156 -0.08307942000000001 -2.159712 -2.23270865 -0.042374074 -0.008525969935
3 0.063696496 -0.18780327523999998 0.724772 0.47452726 0.012570456 0.00722388 -0.032978423 -0.02613755 -0.6387463 -0.64390785 -0.0019211844 0.000490994755
4 0.25160086 0.08782657193500001 0.5028532 0.33416734 0.00050486624 0.00017867 -0.013351211 -0.01083769 -0.2383067 -0.23587091000000002 -9.930041e-05 0.00018918011422010001
5 0.21817043 0.13389309609000002 0.2714321 0.18534984 1.244247e-06 -8.8e-07 -0.0034222668 -0.00269879 -0.049840335 -0.04878006 -3.222376e-07 2.2983753417825e-05
6 0.14783433 0.098434222055 0.16313744 0.11354656 0.0 9e-08 -0.0007400525 -0.00089235 -0.014563054 -0.01422471 9.313226e-10 4.637095508080001e-06
7 0.10090241 0.06893612569 0.10556984 0.07442643 0.0 1e-08 0.00059890747 -0.00035271 -0.0052663423 -0.00514354 9.313226e-10 5.92845272404e-06
8 1.1562588 0.049027799350000005 1.1669979 0.05133464 -1.4901161e-08 -7.37e-06 -0.008468628 -0.00015822 -0.0022705034 -0.00216034 0.0 1.9091700429330002e-05
9 0.295152 0.03087908311 0.29950523 0.03176678 -1.4901161e-08 0.0 -0.0031166077 -5.645e-05 -0.0012366162 -0.00071778 0.0 -0.00011348693924320001
10 0.2755806 0.020533484145 0.29089165 0.02082098 -1.4901161e-08 -0.0 -0.014144897 -2.342e-05 -0.0011661337 -0.00028334 0.0 1.9271446990250002e-05
11 -0.18351904 0.014274974775000001 -0.17983818 0.01441297 -1.4901161e-08 0.0 -0.0023269653 -1.089e-05 -0.0013538734 -0.00012677 0.0 -3.2190653735400004e-07
1 -9.802237 -8.8329129392 -7.823738 -6.66111853 6.8327785 8.06094122 -1.2606218 -1.0713145700000002 -7.3094974 -8.68489097 -0.24115705 -0.47653008785
2 -3.810794 -3.4470960084250004 -2.5597875 -2.05050235 0.19505173 0.07982335 -0.20216243 -0.18251295 -1.2266531 -1.28630056 -0.017242573 -0.007603500510000001
3 -1.7691733 -1.4999166440000002 -1.4180087 -1.13948799 0.005611062 0.00072223 -0.05285456 -0.047069860000000005 -0.30307537 -0.3132022 -0.00084574334 -0.000878833615
4 -1.0058137 -0.8279943781800001 -0.88603884 -0.70564634 0.00016492605 5.47e-06 -0.018570362 -0.01624491 -0.10133488 -0.10591139 -3.4527853e-05 -0.00019720470055915003
5 -0.43719175 -0.350178241665 -0.41417894 -0.32645565 1.1920929e-07 3.3e-07 -0.003818526 -0.0031765499999999998 -0.019194402 -0.02052793 -4.284084e-08 -1.8453267177405e-05
6 -0.2073509 -0.18422421989499999 -0.20125961 -0.17743676 0.0 -1e-08 -0.00065612805 -0.00091429 -0.005435153 -0.00589423 0.0 2.1048002014740004e-05
7 -0.090788536 -0.10948103956 -0.08400154 -0.10699969 0.0 0.0 -0.004753113 -0.00033068 -0.0020338818 -0.0021344899999999997 1.8626451e-09 -1.619565730462e-05
8 -0.14904727 -0.07050312911 -0.14402771 -0.06943533 0.0 0.0 -0.003780365 -0.0001397 -0.0012391945 -0.0009033499999999999 -1.8626451e-09 -2.4748218802465e-05
9 -0.03492737 -0.04045178738500001 -0.03176879 -0.04010092 0.0 0.0 -0.002040863 -4.697e-05 -0.0011177128 -0.00030454 0.0 6.346903995115001e-07
10 -0.1101884 -0.02534967509 -0.10469246 -0.02520964 -2.9802322e-08 -0.0 -0.0041656494 -1.876e-05 -0.0013302639 -0.00012195999999999999 1.8626451e-09 7.01432087668e-07
11 -0.065945104 -0.0169307993 -0.06285286 -0.01686782 0.0 -0.0 -0.0011482239 -8.49e-06 -0.0019440195 -5.529e-05 1.8626451e-09 8.00239566556e-07
3 21.762457 24.43152345728 -27.119213 -32.82594699 102.521034 106.42969248 -3.2004864 -1.328074810000004 -41.22649 -40.0636512 -9.212393 -7.78049601951
4 7.641706 7.938548047675 -14.883852 -16.37165861 58.126976 56.36098436 -2.1859798 -0.9295612900000023 -28.157383 -27.128439020000002 -5.258055 -3.9927774079450002
5 -2.1087089 -2.5219673194950003 -3.6279082 -3.50266225 17.107405 15.11404968 -0.9855556 -0.48204670999999966 -12.998157 -12.71233197 -1.6044928 -0.9389760747750001
6 -2.7796443 -3.090416582425 -0.2803213 -0.26598801 4.546606 3.77652936 -0.44740653 -0.24626936999999993 -6.140829 -6.16547284 -0.4576936 -0.18921571547500002
7 -1.7602623 -1.96968328632 0.52533126 0.43989936 1.1291536 0.88438749 -0.21801233 -0.13205980999999997 -3.071228 -3.12938341 -0.12550679 -0.032526925675
8 -0.8986596 -1.0422264352650001 0.62836236 0.52175266 0.27126306 0.19844042 -0.117720634 -0.07662527999999999 -1.6467063 -1.6819118400000002 -0.033858057 -0.0038823793600000003
9 -0.23191355 -0.31024029088500005 0.5265243 0.44418179 0.031783566 0.01970059 -0.056448556 -0.038518210000000004 -0.7290278 -0.73629128 -0.004745054 0.0006868308000000001
10 0.019747883 -0.027958319380000003 0.40991643 0.35206078 0.0038742274 0.0018564 -0.03188798 -0.02132716 -0.36147735 -0.3609982 -0.00067743566 0.00044985317000000003
11 0.107334785 0.074786868655 0.32063818 0.28021887 0.00049960613 0.00016157 -0.018814772 -0.01258532 -0.1948893 -0.19321582 -9.8918565e-05 0.00020755681338965003
1 0.78124833 0.884162356055 -7.916821 -7.86637885 25.746376 26.1750006 -0.34961116 -0.7072586099999993 -14.554152 -14.927939680000001 -2.1445444 -1.7892611054850003
2 -2.5838003 -3.0690546742650002 -1.143494 -0.76313361 3.878941 3.12944734 -0.14907272 -0.16594442999999998 -4.794441 -5.09853999 -0.37573346 -0.17088397563000002
3 -1.3836458 -1.5978595824950002 0.00641925 0.07239328 0.51844585 0.33278286 -0.07043939 -0.05604380999999999 -1.7765079 -1.9331795600000001 -0.061563574 -0.013812361675
4 -0.5754343 -0.6843507527 0.16619612 0.14092422 0.06777792 0.03261032 -0.036918003 -0.02667726 -0.76241344 -0.83036525 -0.010076927 -0.0008427592450000001
5 -0.060879022 -0.120187539755 0.14756814 0.10055414 0.0013319254 0.00026148 -0.012862782 -0.009036919999999999 -0.1966274 -0.21201624000000002 -0.00028890464 5.0005245169700005e-05
6 0.034578755 -0.010520509775 0.10736942 0.06558922 3.221631e-05 6.2e-07 -0.005448979 -0.00373589 -0.06736517 -0.07238858 -8.730218e-06 1.4132753304105002e-05
7 0.04885481 0.012544087645 0.07862966 0.04391004 8.6426735e-07 4.7e-07 -0.0021973075 -0.00173557 -0.027578142 -0.029632930000000002 -2.6170164e-07 2.0919292417045e-06
8 0.04459444 0.01578308823 0.058782555 0.03041397 4.4703484e-08 -6.45e-06 -0.0014038096 -0.0008813800000000001 -0.012784342 -0.01374334 -8.381903e-09 2.8953305115000003e-07
9 -0.16103727 0.013049155080000001 -0.1471405 0.0185555 0.0 -0.0 -0.009025574 -0.00036224 -0.004871186 -0.0051288900000000005 0.0 -1.5218035970245e-05
10 0.12839952 0.009581158385 0.1525631 0.0119739 0.0 -0.0 -0.020812988 -0.00016733 -0.0033505931 -0.0022134999999999998 0.0 -1.1894322183720002e-05
11 -0.069970615 0.0070436914000000005 -0.06507683 0.0079823 0.0 -0.0 -0.00038528442 -8.453e-05 -0.004508503 -0.00106303 0.0 0.000208941291262
1 -5.700939 -5.878507785030001 -6.0904946 -2.94135958 11.032201 6.80144353 -0.34507617 -0.4783841 -9.063668 -8.822903519999999 -1.2339009 -0.43730412016000003
2 -3.3464165 -3.2447915190750005 -1.6429899 -1.08163527 0.8576665 0.28503433 -0.096281454 -0.10509952 -2.3407888 -2.3272991 -0.12402279 -0.01579196242
3 -1.7346731 -1.60983561696 -0.95262396 -0.79017497 0.06493017 0.01102907 -0.037282005 -0.03960274 -0.7979711 -0.78991353 -0.0117263105 -0.001173467225
4 -1.0367144 -0.9405211815250001 -0.69153965 -0.59674536 0.0050298125 0.00040571 -0.017245356 -0.01802086 -0.33188027 -0.32589861 -0.0010789465 -0.00026207059446455
5 -0.4936713 -0.43287826230000004 -0.4071056 -0.34836933 3.299117e-05 1.83e-06 -0.0049760253 -0.00485197 -0.08161381 -0.07962016 -8.856878e-06 -3.863641612835e-05
6 -0.28391212 -0.24280324693 -0.2560236 -0.21512798 2.3841858e-07 1.3e-07 -0.0011978295 -0.0016286699999999998 -0.026690906 -0.02603862 -7.264316e-08 -8.09571155413e-06
7 -0.18115726 -0.15135183093000001 -0.16984558 -0.14045559 2.9802322e-08 -2e-08 -0.00083160406 -0.00065529 -0.010480106 -0.01024022 0.0 -7.111941981385e-07
8 -0.1229095 -0.10105612512 -0.117816925 -0.09624127 0.0 0.0 -0.0004081726 -0.00029496 -0.0046844045 -0.0045851799999999995 -1.8626451e-09 6.525946239405e-05
9 0.88277 -0.060078450085000006 0.8904953 -0.05830052 2.9802322e-08 -1e-08 -0.00598526 -0.00010549 -0.0017400528 -0.0016368799999999998 0.0 -3.5557618564900004e-05
10 0.4962386 -0.038793915410000004 0.50084686 -0.0380758 0.0 -0.0 -0.0036087036 -4.387e-05 -0.0009995708 -0.0006812600000003499 -1.8626451e-09 7.0146066361e-06
11 0.39536074 -0.026428624315 0.3997593 -0.0260906 2.9802322e-08 0.0 -0.0035247803 -2.041e-05 -0.00087379664 -0.00031749 0.0 -1.2411963663320001e-07
0 22.759691 22.28502146262 -13.046177 -11.92655217 60.973717 66.62695893 -1.059906 -4.023492369999998 -20.176365 -20.88800745 -3.9315784 -7.50388546932
1 -0.5699522 -0.7581419529900001 0.6293074 0.88802056 1.2075068 1.06079692 -0.10106919 -0.13916339 -2.2018445 -2.5039584 -0.103852704 -0.06383764098500001
2 0.0436847 0.06296274562000001 0.50259715 0.57150221 0.02064678 0.01285517 -0.02459962 -0.02433137 -0.4523744 -0.49708064 -0.002585194 1.7380857180235e-05
3 0.15822741 0.18796046392500002 0.30973753 0.34655535 0.000441581 0.00013947 -0.009401774 -0.00840488 -0.14247748 -0.15041162 -7.244572e-05 8.215428184205e-05
4 0.14667952 0.167798199225 0.20647737 0.22968082 1.1473894e-05 9e-07 -0.003568432 -0.0036452900000000002 -0.05623865 -0.05826058 -2.24635e-06 2.2342231317660004e-05
5 0.093296796 0.10439014255000001 0.10755155 0.11843747 2.9802322e-08 -2e-08 -0.0013771082 -0.00093538 -0.012877689 -0.01313639 3.7252903e-09 2.4470393249640003e-05
6 0.059171315 0.06523401316 0.063789345 0.06965026 2.9802322e-08 -2e-08 -0.00058746303 -0.00031602 -0.004030601 -0.00408571 3.7252903e-09 -1.4503849613155001e-05
7 -0.07719357 0.04285648283500001 -0.07284166 0.04454203 1.4901161e-08 0.0 -0.002807617 -0.00012696 -0.0015443172 -0.00155312 4.656613e-09 -5.480833198165e-06
8 0.49892426 0.029535667270000003 0.5076275 0.03032909 4.4703484e-08 0.0 -0.007911682 -5.77e-05 -0.0007916023 -0.0006787099999999999 6.519258e-09 -5.701589675260001e-05
9 -0.050042484 0.018033220495000002 -0.042125724 0.01837676 2.9802322e-08 -0.00071977 -0.0073089595 -2.091e-05 -0.0006078342 -0.00023612 3.7252903e-09 0.0006332706000000001
10 -0.6314536 0.011893646275000001 -0.6241112 0.0119991 2.9802322e-08 0.0 -0.0066299434 -8.79e-06 -0.00071247015 -9.651000000000001e-05 3.7252903e-09 -1.3414758606755e-07
11 -0.14215142 0.008218418865 -0.13751605 0.00826704 2.9802322e-08 0.0 -0.0030059812 -4.13e-06 -0.0016294131 -4.4380000000000005e-05 3.7252903e-09 -1.2335274514895e-07
1 -3.599227 -4.718351661245 -4.784618 -3.41456501 10.692174 7.91502626 -0.62891245 -0.33793103 -7.715622 -8.364593750000001 -1.1622487 -0.5162881393700001
2 -2.9350715 -2.941879024945 -1.4014558 -0.93101451 0.78406054 0.45839611 -0.15685868 -0.08100727999999999 -2.069176 -2.36699751 -0.091641605 -0.02125583796
3 -1.6331139 -1.4457263765100001 -0.8934156 -0.61031832 0.052815437 0.02520772 -0.050496943 -0.03061741 -0.7350566 -0.82900202 -0.006960203 -0.0009963509950000002
4 -1.0033468 -0.8205298453850001 -0.6671058 -0.45974315 0.0035585538 0.00131814 -0.0229258 -0.014079880000000001 -0.31632847 -0.34792781 -0.000545349 -9.713643766755e-05
5 -0.48978686 -0.3682510284450001 -0.3998024 -0.27671931 1.8946826e-05 2.7e-06 -0.0081958715 -0.00391998 -0.08180365 -0.08760055 -3.918074e-06 -1.3897006088425e-05
6 -0.2858813 -0.20686984002500003 -0.2544232 -0.17610256 1.3411045e-07 -1.7e-07 -0.003707968 -0.0013832699999999998 -0.027750235 -0.029381519999999998 -3.0733645e-08 -2.3150012128870002e-06
7 0.014365657 -0.13024543643 0.041147232 -0.11787901 1.4901161e-08 -2e-08 -0.015422822 -0.00057237 -0.01135877 -0.01179166 9.313226e-10 -2.3744062904850003e-06
8 0.066690356 -0.08797625168999999 0.12241745 -0.08232466 0.0 0.0 -0.047462463 -0.00026635 -0.008264633 -0.00536679 0.0 -1.844214401036e-05
9 -0.26912773 -0.05335257546 -0.24077614 -0.05128715 9.685755e-08 -2.45e-06 -0.0037117053 -9.915e-05 -0.02463997 -0.00195308 -2.6077032e-08 -1.0750212748365e-05
10 -0.60040456 -0.03484027998000001 -0.47480923 -0.03396035 6.322563e-05 0.0 -0.007952969 -4.254e-05 -0.1176888 -0.00082487 -1.6831793e-05 -1.250413394122e-05
11 -2.0585709 -0.02402773584 -1.1206459 -0.02362082 0.05697462 -0.0 -0.04415478 -2.028e-05 -0.94084424 -0.00038883999999999967 -0.009900678 2.1908476505930003e-06
0 29.39318 29.562194114270003 -49.709446 -37.97267526 119.26774 114.9457948 12.858191 -4.804501760000001 -43.17704 -34.77109754 -9.846261 -7.8353261213500005
1 1.1462841 -4.83818218551 -14.248556 -9.01302871 31.733727 20.79154146 2.8482292 -1.2616706400000002 -16.447891 -14.121145689999999 -2.7392235 -1.23387861474
2 -3.364005 -6.0459579217199995 -4.2216983 -2.87659635 7.6887717 3.66455294 0.47168875 -0.45242784000000014 -6.6042967 -6.19611441 -0.69847065 -0.18537224602500002
3 -2.875544 -3.8782786178050004 -1.5112098 -1.34819114 1.7499708 0.64213855 0.004096195 -0.19626761 -2.949672 -2.94681053 -0.1687292 -0.02914788092
4 -1.9061308 -2.31474865554 -0.71275425 -0.80437979 0.38160264 0.1121911 -0.056220826 -0.09749005 -1.479398 -1.51998778 -0.039360233 -0.005082154095
5 -0.763711 -0.89002780182 -0.26162618 -0.36082136 0.01678896 0.00347922 -0.030746516 -0.03130662 -0.48610705 -0.50108297 -0.0020201989 -0.000296077635
6 -0.32017943 -0.38722241885500003 -0.10842301 -0.17179797 0.00070512295 0.00010687 -0.013275406 -0.012411460000000001 -0.19908528 -0.2030766 -0.00010084361 -4.3271320761700004e-05
7 -0.13778912 -0.180501785995 -0.038398143 -0.08052083 2.9742718e-05 2.18e-06 -0.006274961 -0.00563708 -0.09314066 -0.09433437 -5.0999224e-06 -1.169570310872e-05
8 -0.055997208 -0.08582770002 -0.0053030257 -0.03477257 1.3709068e-06 6e-07 -0.0028610954 -0.00280907 -0.04783419 -0.04824388 -2.682209e-07 -2.7804468230600002e-06
9 0.025027474 -0.02566631039 0.046487793 -0.00441708 0.0 1.4e-07 -0.0014419577 -0.0011373899999999998 -0.020018352 -0.0201103 -7.450581e-09 -1.6889099244895002e-06
10 0.18135735 -0.003317450525 0.22476006 0.00662329 0.0 -1e-08 -0.033657074 -0.00051864 -0.009745628 -0.009419900000000002 0.0 -2.1832483850145e-06
11 -0.21521938 0.00510533726 -0.17358208 0.01017055 0.0 -0.0 -0.033023834 -0.00026038 -0.008613465 -0.00481717 0.0 1.2333558435584999e-05
1 5.0762973 6.740643666365001 -11.886686 -14.75071273 50.02348 52.42188516 -2.1393747 -0.7402030800000006 -26.019238 -26.48214746 -4.9018865 -3.7081782226500004
2 -2.7733488 -3.6127129422500004 -0.53513414 -1.23424315 9.490277 8.69041681 -0.82505023 -0.26462530000000006 -9.879705 -10.33321335 -1.0237359 -0.471047965085
3 -1.6280246 -2.43186480663 1.3238009 0.7308976 1.6864195 1.39485677 -0.316145 -0.12748137999999998 -4.1168466 -4.377828790000001 -0.20525366 -0.052309017975
4 -0.430606 -1.02252423693 1.3648001 0.86098103 0.29482198 0.21874232 -0.13364403 -0.07117386 -1.91562 -2.0273257599999996 -0.04096414 -0.003747980015
5 0.35643062 0.026077988790000003 0.9293595 0.60860713 0.009517178 0.00510884 -0.036470316 -0.02761131 -0.5442842 -0.56074241 -0.0016915519 0.00071576381
6 0.41128907 0.204447553725 0.62360257 0.41698567 0.00034672022 0.00010788 -0.01468205 -0.012324700000000001 -0.19790468 -0.20054026 -7.3499046e-05 0.00021896894795310002
7 0.3450023 0.20463708857 0.43530446 0.29554376 1.3887882e-05 2.41e-06 -0.00587017 -0.006027060000000001 -0.084442586 -0.08495192 -3.294088e-06 6.990473223885001e-05
8 0.27101648 0.17255539518500002 0.3148515 0.2161565 6.109476e-07 -2e-07 -0.0034945714 -0.00317063 -0.040340938 -0.04045446 -1.4994293e-07 2.419242064256e-05
9 0.5748548 0.12527142668000002 0.5978012 0.14215396 -1.4901161e-08 1.3e-07 -0.0074005155 -0.0013503699999999998 -0.01554592 -0.01553842 -9.313226e-10 6.1240445450300005e-06
10 0.4414236 0.09063945387000001 0.4869957 0.09812069 0.0 -1.52e-06 -0.0382843 -0.00063851 -0.007287786 -0.0068419 9.313226e-10 6.73552885105e-07
11 0.74714583 0.06674252044000001 0.7743263 0.0703941 0.0 0.0 -0.021255493 -0.00032774 -0.0059249853 -0.0033338 9.313226e-10 9.96218701306e-06
1 -2.6978812 -3.09492007632 -1.059117 -0.41178894 3.433798 2.4221203 -0.1739115 -0.20507894999999993 -4.5071054 -4.777747979999999 -0.3915454 -0.12242451826500002
2 -0.666078 -0.7497555546350001 0.07857759 0.09753306 0.08722225 0.03187074 -0.03954994 -0.036908619999999996 -0.7765453 -0.84193774 -0.015782567 -0.00031298585500000005
3 -0.17652392 -0.19837212047000002 0.043827202 0.03741031 0.0024010837 0.00035089 -0.012632338 -0.01143675 -0.20950988 -0.22480376 -0.0006099902 0.0001072124941384
4 -0.06626277 -0.072889157255 0.012816712 0.01063407 7.43866e-05 4e-06 -0.005025141 -0.00443858 -0.07410586 -0.07911118 -2.2867694e-05 2.2543798855415003e-05
5 -0.019869547 -0.020902104345000002 -0.0050507486 -0.00426243 7.4505806e-08 -1.2e-07 -0.00013733032 -0.00097967 -0.014681514 -0.01566548 -2.7939677e-08 5.575797848225001e-06
6 -0.37226292 -0.010680927825000002 -0.36546898 -0.00589471 0.0 -0.0 -0.00258255 -0.00029712 -0.0042113955 -0.00448357 0.0 -5.5316085565700005e-06
7 0.13929641 -0.0068819606000000005 0.14787865 -0.00515068 0.0 0.0 -0.0069084167 -0.00011052 -0.0016738172 -0.00160909 0.0 -1.166566082497e-05
8 -0.20724589 -0.004873374335000001 -0.19849396 -0.0041386 0.0 0.0 -0.0074691772 -4.743e-05 -0.0012827511 -0.0006741799999999999 0.0 -1.3172147021325e-05
9 0.023069818 -0.0031383651700000004 0.028530125 -0.00289705 0.0 0.0 -0.0010871887 -1.615e-05 -0.004373118 -0.00022411 0.0 -1.0374552427645e-06
10 -0.03054851 -0.002148420395 0.0023037752 -0.00205359 7.748604e-07 -0.0 -0.0014763547 -6.49e-06 -0.03137657 -8.868e-05 -1.3411045e-07 3.3772644034500006e-07
11 -0.23665093 -0.0015335545500000003 0.31659588 -0.00149088 0.09165335 0.0 -0.021771373 -2.95e-06 -0.6108459 -3.98e-05 -0.012282858 8.00329017341e-08
1 13.391208 12.010972597365 -22.33978 -6.32819615 93.123795 41.93799386 -16.99089 -2.4046289200000004 -41.318943 -19.09781134 0.9170294 -2.096384849105
2 0.7380606 1.89689681237 5.1098742 5.03900777 13.935661 3.69947349 -3.8469553 -1.0885287599999998 -14.607277 -5.66119258 0.14675674 -0.09186309440000001
3 2.0616128 2.0032420072400003 6.162032 4.03171769 1.7896118 0.30446741 -1.0127215 -0.41847596 -4.890574 -1.92405249 0.013264375 0.009585359185000001
4 2.5445147 1.540035833045 4.480144 1.97122387 0.20868441 0.00184182 -0.36840647 -0.08073749 -1.775472 -0.35413966999999996 -0.00043545663 0.0018473018
5 1.8506937 0.96089372252 2.270615 1.08498979 0.0024375916 1.105e-05 -0.07790967 -0.022698529999999998 -0.34434822 -0.10171158 -0.00010111183 0.000303008955
6 1.1619856 0.6139350789950001 1.2843748 0.65964567 2.6196241e-05 1.5e-07 -0.022887936 -0.00813694 -0.09952472 -0.03764314 -2.7269125e-06 6.93287440102e-05
7 0.8265803 0.41110294291000005 0.872629 0.43087668 1.4901161e-07 3e-08 -0.009311821 -0.0034294399999999997 -0.036737084 -0.016363080000000002 -2.9802322e-08 1.8763313128780002e-05
8 0.36625326 0.24363547792000004 0.39260104 0.25055611 -2.0861626e-07 -3.72e-06 -0.0101966895 -0.00115797 -0.016150907 -0.0057407 -5.5879354e-09 -1.8218720602875003e-05
9 0.35926324 0.155536484105 0.4104824 0.15838908 -1.1920929e-07 0.0 -0.043251038 -0.0004655 -0.007968009 -0.00238081 -9.313226e-09 -6.281520958575001e-06
10 -0.040716484 0.10519031618500001 0.0020199197 0.10654029 -1.7881393e-07 0.0 -0.031230927 -0.00021203 -0.0115053 -0.0011120999999999492 0.0 -2.5837034813995e-05
1 -4.536916 -6.0431832145549995 -6.54457 -4.6807992 8.734484 7.42690233 0.9624691 -0.6229747199999998 -7.2055826 -7.7995024100000006 -0.48371616 -0.366809208865
2 -2.412705 -2.13950703254 -1.5328107 -1.03929334 0.15873723 0.0813147 -0.079429 -0.10172528 -0.94767946 -1.07516298 -0.011523083 -0.004640124915
3 -0.9926386 -0.7780210575150001 -0.74700797 -0.50579992 0.002153188 0.00078446 -0.027068049 -0.02569393 -0.22051033 -0.24699125000000002 -0.00020541623 -0.00032041602000000005
4 -0.49662265 -0.36306083502500003 -0.41461188 -0.27393467 2.5838614e-05 6.94e-06 -0.009649443 -0.00869167 -0.07238394 -0.08038172 -3.2186508e-06 -5.971633403615e-05
5 -0.17445898 -0.115790037295 -0.15900993 -0.09937544 0.0 8e-08 -0.0020484936 -0.0016196399999999999 -0.013400555 -0.014793879999999999 0.0 -1.1437854407785002e-06
6 -0.07892683 -0.048869219150000004 -0.074739456 -0.04431292 0.0 -1.358e-05 -0.00046539312 -0.00044437 -0.0037219822 -0.00409997 0.0 1.6127970365575e-06
7 -0.22302827 -0.024310134620000003 -0.22027397 -0.0226454 0.0 -7.3e-07 -0.0014305115 -0.00015459 -0.0013237856 -0.00144534 0.0 -6.408283301685e-05
8 -0.020412996 -0.013633145045000001 -0.015594482 -0.01288583 1.4901161e-08 0.0 -0.004169464 -6.413000000000001e-05 -0.0006490648 -0.0005995099999999698 0.0 -8.368124008585e-05
9 0.52643657 -0.006551856485 0.53204536 -0.00633435 0.0 0.0 -0.0050315857 -2.047e-05 -0.0005772412 -0.00019688 0.0 -1.4386224797695e-07
10 0.078727916 -0.00357792638 0.083322525 -0.00349258 0.0 -0.0 -0.0035209656 -7.94e-06 -0.0010736436 -7.735999999999999e-05 0.0 -4.0290804064850004e-08
11 0.54398626 -0.0021350566000000004 0.55516243 -0.00209695 0.0 0.0 -0.0077438354 -3.51e-06 -0.0034323484 -3.455e-05 0.0 -3.335004486725e-08
1 -1.4439719 -2.53077190749 0.33193427 -0.10501016 7.783571 7.28838235 -0.71188045 -0.3887788700000001 -8.168537 -8.872297759999999 -0.67905927 -0.45306749088500003
2 -0.41837433 -1.09248241726 1.5818971 1.10938398 0.48926958 0.42367019 -0.1690008 -0.09882439 -2.2701097 -2.51418905 -0.050430555 -0.012523162410000002
3 0.3682705 -0.04662142358000001 1.2115965 0.84962418 0.031917803 0.02349096 -0.0576026 -0.040652789999999994 -0.81356484 -0.88015113 -0.004076328 0.0010673445150000001
4 0.52102566 0.2375557651 0.8926054 0.62396006 0.002335392 0.00125178 -0.026227256 -0.01994196 -0.34732056 -0.36829744999999997 -0.0003673453 0.00058333359
5 0.41881555 0.263728298145 0.5143944 0.36117528 1.718849e-05 1.76e-06 -0.007905538 -0.0060617100000000005 -0.08768686 -0.09148484 -3.6023557e-06 9.781853022770001e-05
6 0.6807955 0.19360678546 0.7148952 0.22610827 1.8253922e-07 -3.7e-07 -0.0049591847 -0.00224458 -0.029140636 -0.0302732 -3.678724e-08 1.665496973104e-05
7 -0.12364889 0.13722412045000001 -0.08072853 0.15018576 0.0 -4e-08 -0.031044006 -0.0009557 -0.011876353 -0.01201228 -2.3283064e-10 6.386449748705e-06
8 0.5795828 0.09865951621 0.6478367 0.10454102 -7.450581e-09 -1.1e-06 -0.05960083 -0.0004523 -0.008653032 -0.005417 0.0 -1.1098720121830001e-05
9 0.15538397 0.062760240805 0.18523592 0.06487805 8.940697e-08 -5e-06 -0.002212528 -0.00017098 -0.027639471 -0.00195023 -2.2584572e-08 8.407007348525e-06
10 0.14535609 0.042273096735 0.3051903 0.04319573 0.0003676936 -0.0 -0.010232393 -7.4e-05 -0.14991015 -0.0008169899999999619 -5.936809e-05 -3.1638179222200006e-05
11 -1.2813472 -0.5762911325850001 -0.018464994 0.02989083 0.5554199 -0.62513592 -0.04704474 -3.705e-05 -1.6968896 -0.00038275000000000006 -0.074367605 0.019373748285
1 -2.6547284 -3.89973685556 -3.1857345 -3.10806147 15.7198305 14.24044526 -0.9558442 -0.6532394699999999 -12.798029 -13.48990431 -1.4349512 -0.8889768404250001
2 -1.6379951 -2.20441994705 0.81407326 0.61550799 0.89528275 0.63929278 -0.21454 -0.14183509 -3.0327826 -3.2960997499999998 -0.10002862 -0.021285873679999998
3 -0.2529286 -0.500493420175 0.72916895 0.54510837 0.050394416 0.02505703 -0.066513345 -0.05157097 -0.95880246 -1.02007168 -0.0071761757 0.0009838273600000001
4 0.11702807 -0.028150952315 0.51644 0.38365565 0.0031602383 0.0008978 -0.027471537 -0.0229891 -0.37454373 -0.39021987999999996 -0.0005568713 0.00050456859
5 0.1809212 0.10896368478500001 0.27171928 0.20090558 1.692772e-05 1.01e-06 -0.006932531 -0.00604869 -0.08387861 -0.08596095000000001 -3.8817525e-06 6.674896472975e-05
6 0.13029096 0.08787753289 0.15741342 0.11615231 1.1920929e-07 4.6e-07 -0.0013923929 -0.00203375 -0.025730155 -0.0262439 -3.7252903e-08 2.3894190753935004e-06
7 0.09015591 0.061871614075000005 0.09839821 0.0724979 0.0 -4.8e-06 0.0014038081 -0.00080317 -0.009646118 -0.009820000000001272 7.450581e-09 1.6934100787485002e-06
8 0.4527069 0.043384943475 0.46596527 0.04798277 0.0 -8.2e-07 -0.008861542 -0.0003597 -0.004396826 -0.0042345099999999995 0.0 -2.798002465105e-06
9 0.2841461 0.026565491630000004 0.2940636 0.02817845 0.0 -4.9e-07 -0.006633759 -0.00012778 -0.003283739 -0.00144944 0.0 -3.52501184296e-05
10 0.018726677 -0.071481994275 0.023902923 0.0177786 0.0 -0.08862059 -0.0006713867 -5.109e-05 -0.0045048594 -0.0005856400000000123 0.0 -3.27084937028e-06
11 -0.14309582 0.011631516355000001 -0.13612363 0.01192228 0.0 -0.0 -0.0017890935 -2.444e-05 -0.0051831007 -0.00026616 7.450581e-09 -1.6568344535395002e-07
3 -0.6184187 2.58261377025 -50.43476 -53.81192671 107.69316 117.04243422 -2.6820245 -3.7883738299999976 -50.461235 -51.14931444 -4.7335577 -5.710205463550001
4 -9.867834 -11.400591631465 -32.55194 -31.053399 64.550934 61.49317473 -1.8972812 -2.7234953100000006 -36.733276 -36.25313704 -3.2362688 -2.86373503446
5 -13.1035595 -16.104906267 -13.966237 -12.04084207 22.6121 16.73789833 -1.0662348 -1.5290871800000003 -19.261698 -18.55317489 -1.4214902 -0.7197004584450001
6 -10.316899 -12.515538299315 -6.5754943 -6.1198585 7.665493 4.46143434 -0.6391351 -0.88821241 -10.187608 -9.78001684 -0.5801551 -0.18888490247500003
7 -7.2583184 -8.70724401182 -3.6102438 -3.93833296 2.5230708 1.16154085 -0.39525363 -0.52648107 -5.552674 -5.3499402499999995 -0.22321774 -0.054030610835000006
8 -5.0151105 -5.98580818931 -2.3366437 -2.88855002 0.81033057 0.29650455 -0.24917251 -0.32008795999999995 -3.157558 -3.0560911500000003 -0.08206679 -0.017583603620000002
9 -2.9780471 -3.55873119197 -1.4988016 -1.99847071 0.14256428 0.03690258 -0.12978359 -0.16028237 -1.4748187 -1.43259707 -0.017207474 -0.00428360827
10 -1.8798358 -2.25808469446 -1.0745839 -1.44194979 0.024453208 0.00440874 -0.07119214 -0.08544365 -0.75507635 -0.73375855 -0.0034365468 -0.00134147297
11 -1.2542593 -1.514707687055 -0.80069315 -1.06236872 0.004148096 0.00050912 -0.040994834 -0.04810507 -0.41605255 -0.40425687 -0.0006669434 -0.00048613758
0 23.189524 20.393480959055 -29.225782 -20.82245949 91.86503 79.17726097 -1.2723726 -4.135203730000001 -29.564096 -26.3356154 -8.613251 -7.490501379205
1 -1.6911776 -4.089020387700001 -6.6113086 -3.36479877 15.665768 8.32156924 -0.34231424 -0.6032654099999999 -8.722859 -7.864294610000001 -1.6804631 -0.578230851985
2 -2.965263 -3.3070707682800005 -2.0731838 -1.23308069 2.2870817 0.74054614 -0.12903292 -0.15106343 -2.7645547 -2.62349276 -0.28557333 -0.039980037545
3 -1.9164258 -1.8617604285000002 -1.1000707 -0.85008058 0.30519903 0.05914947 -0.05620096 -0.05692378000000001 -1.0204637 -1.01059455 -0.0448895 -0.0033109917950000004
4 -1.2126759 -1.13623742496 -0.77551955 -0.66352437 0.038861334 0.00434376 -0.027345797 -0.026755490000000003 -0.44191843 -0.44977611 -0.006753536 -0.00052520502
5 -0.5960728 -0.5551263207100001 -0.47081077 -0.42407502 0.0006171167 1.682e-05 -0.008477689 -0.008141299999999999 -0.11725805 -0.12286579 -0.00014341809 -6.103262793605001e-05
6 -0.35308772 -0.32952348567500006 -0.30837458 -0.28225363 1.0296702e-05 2e-08 -0.0033156155 -0.0031351 -0.04140494 -0.04410352 -2.904795e-06 -3.124278968675e-05
7 -0.23082443 -0.21577398698000003 -0.2121564 -0.19559398 1.7881393e-07 7e-08 -0.0012283473 -0.0013998099999999998 -0.017439803 -0.01877577 -5.7742e-08 -4.48793922527e-06
8 -0.15153952 -0.15017733976 -0.14325905 -0.14049476 -1.4901161e-08 1e-08 1.525844e-05 -0.00069352 -0.008295713 -0.008996559999999999 1.8626451e-09 7.47765037061e-06
9 -0.031521823 -0.09423830548499999 -0.025112152 -0.0904571 0.0 -4.756e-05 -0.0031776428 -0.00027854 -0.0032320274 -0.0034942700000000003 0.0 3.9163381021e-05
10 0.42507088 -0.06314587424500001 0.43482018 -0.06153493 -1.4901161e-08 0.0 -0.008079529 -0.0001269 -0.0016697496 -0.00155711 -9.313226e-10 7.305711784140001e-05
11 -0.8738732 -0.04437546586 -0.8572273 -0.04348194 1.4901161e-08 -0.0 -0.015125275 -6.352e-05 -0.0015205494 -0.0007677 -9.313226e-10 -6.22962477422e-05
1 4.1978 8.192595182140002 -19.957779 -16.30402186 59.734123 57.12177436 -1.2518002 -1.794161110000001 -29.35654 -26.760805819999998 -4.970203 -4.070190380465
2 -2.1431932 -2.13446475979 -0.035211686 0.8951204 3.3312576 2.04864626 -0.21099263 -0.26127761 -4.8586793 -4.71669479 -0.3695671 -0.10025902332000002
3 -0.16257963 -0.150552287415 0.84505355 0.91965064 0.12928611 0.04789511 -0.054349434 -0.0580636 -1.0613825 -1.0592910599999998 -0.021187335 -0.000743357815
4 0.25069648 0.24599333445000002 0.59336334 0.588132 0.005073726 0.00093442 -0.01914125 -0.019070820000000002 -0.32744765 -0.32412897 -0.0011516958 0.0001266957824842
5 0.2207662 0.20675174503500002 0.28049162 0.26504935 1.0430813e-05 1.62e-06 -0.0037576966 -0.00351978 -0.05597488 -0.05464936 -3.2894313e-06 -0.00013008495720585
6 0.13620734 0.12325333610500001 0.15133092 0.13852311 0.0 -3e-08 -0.00045013474 -0.00100446 -0.014673434 -0.01426214 -3.7252903e-09 -3.1279606810700004e-06
7 0.0864472 0.07550565179 0.09035301 0.08067928 0.0 -0.0 0.0010490417 -0.00035106 -0.0049548503 -0.00480508 0.0 -1.748347776204e-05
8 -0.08318653 0.048712608075000004 -0.080366135 0.0507878 0.0 -5.7e-07 -0.0008010864 -0.00014431 -0.0020193066 -0.00192155 0.0 -8.763697224015e-06
9 -0.123639666 1.753801417545 -0.11714935 0.02833066 0.0 0.0 -0.005382538 -4.677e-05 -0.0011077747 -0.0006068300000000026 0.0 1.72612436798
10 0.20237306 0.01708066284 0.20834921 0.01733143 0.0 0.0 -0.004322052 -1.812e-05 -0.0016541034 -0.00023134 0.0 -1.3124585091135002e-06
11 0.09617662 0.01124260104 0.10113144 0.01135118 0.0 -0.0 -0.00049209595 -7.99e-06 -0.0044627264 -0.00010092 0.0 3.3670289179550004e-07
1 -5.007011 -7.400508743515001 -2.2665431 -3.99658718 3.2768736 4.43599479 -0.99319994 -1.24687543 -5.148929 -6.3098697900000005 0.1247879 -0.283171123335
2 -0.9226654 -1.5323105355900002 0.14654516 -0.35938923 0.07983452 0.04096985 -0.18358491 -0.19943117999999999 -0.9618343 -1.0149848899999998 -0.0036258958 0.0005249162150000001
3 -0.006004505 -0.235044605625 0.29251796 0.07731246 0.0017319918 0.00033479 -0.04666426 -0.05039383 -0.25337568 -0.26271173000000003 -0.00021450967 0.00041372629
4 0.145944 0.038984395435 0.2495464 0.14756716 3.5345554e-05 2.36e-06 -0.015947742 -0.01709196 -0.08768322 -0.09158097999999999 -6.765127e-06 8.78169699564e-05
5 0.12782305 0.097781365225 0.1480217 0.11917897 0.0 3.1e-07 -0.0031242527 -0.00324823 -0.017074384 -0.01816024 -3.7252903e-09 1.0552265748855e-05
6 0.14425921 0.073320526905 0.15004349 0.07946252 0.0 0.0 -0.00090408325 -0.00091434 -0.0048801973 -0.00524904 0.0 2.1387050079275e-05
7 -0.059743397 0.05122739074 -0.05373192 0.05338314 0.0 -0.0 -0.0041770935 -0.00032548 -0.0018343851 -0.00190469 0.0 7.442570697540001e-05
8 0.9789777 0.03616999071 0.9873028 0.03713752 0.0 0.0 -0.0070266724 -0.00013581 -0.0012984276 -0.00080642 0.0 -2.53023094947e-05
9 0.09370462 0.01973499083 0.098573685 0.02284498 0.0 -0.00883909 -0.0008735657 -4.474e-05 -0.0039955005 -0.00027179 0.0 0.006045633830000001
10 0.02271339 0.014846126045000001 0.050318122 0.01497281 3.0398369e-06 -0.0 -0.0020370781 -1.781e-05 -0.025569644 -0.0001088 -1.0505319e-06 -8.3822784204e-08
11 -0.55466425 0.010258353600000002 -0.17097019 0.01031537 0.016201138 -0.0 -0.023854826 -7.99e-06 -0.37197685 -4.9300000000000006e-05 -0.0040635616 2.7926596776250003e-07
0 14.873492 10.589964253155001 -20.984312 -13.50841918 71.136154 59.87931026 -3.2195854 -3.8777444699999997 -25.998648 -24.399380009999998 -6.060115 -7.5038023459900005
1 -1.9651673 -3.3696330988950005 -2.4121642 -1.13310815 7.7732124 4.96361856 -0.515041 -0.36683098999999997 -6.134988 -6.36538624 -0.6761868 -0.46792627184
2 -1.5092067 -1.7229261414100001 -0.22490568 -0.07041419 0.5924525 0.31194114 -0.090110056 -0.04901173 -1.732281 -1.8938064000000001 -0.054362413 -0.021634960160000005
3 -0.61467224 -0.654480675495 0.012523038 0.02811272 0.0389836 0.01721118 -0.024742251 -0.014329129999999999 -0.6375508 -0.68449655 -0.0038858792 -0.00097889142
4 -0.22315148 -0.24297939172500002 0.06592199 0.05646287 0.0024772733 0.00088166 -0.010209799 -0.0065489499999999996 -0.28106603 -0.29372128999999997 -0.00027491618 -5.36795725583e-05
5 0.010569769 -0.007586277230000001 0.08827142 0.07031474 1.1071563e-05 1.67e-06 -0.0029053092 -0.0020460599999999997 -0.074805826 -0.07585750000000001 -1.5841797e-06 8.813659622600001e-07
6 0.052498035 0.036101281375 0.07904241 0.062717 1.0430813e-07 3e-07 -0.00074773835 -0.00079916 -0.025796738 -0.02581791 -4.656613e-09 1.0621060885195e-06
7 -0.258429 0.04044643136500001 -0.24266052 0.05126326 1.4901161e-08 -1.7e-07 -0.0051574707 -0.00035683 -0.010611018 -0.01046028 9.313226e-10 4.625378347915001e-07
8 0.020260798 0.035981033475 0.06537628 0.04093908 7.450581e-09 0.0 -0.03744507 -0.00017562 -0.007670424 -0.00479251 1.8626451e-09 1.0081094884115002e-05
9 0.37700406 0.027418647855000002 0.40141478 0.02916361 -8.195639e-08 1e-08 -0.0018157985 -6.951e-05 -0.022594798 -0.00175595 -2.3283064e-08 8.047318049325001e-05
10 0.7119191 0.02046755784 0.8224183 0.02129073 6.328523e-05 -0.0 -0.00854624 -3.115e-05 -0.10199687 -0.0007450099999999999 -1.9376166e-05 -4.7008643609650006e-05
11 1.0073564 0.07261880952000001 1.7816069 0.01578539 0.039058015 0.0 -0.054939322 -1.534e-05 -0.75011235 -0.0003523500000000013 -0.008256898 0.057201112125
