-35.33983866 -35.33983866 -22.254845
-24.35863083 -24.35863083 -16.38937
-11.85296091 -11.85296091 -8.8325815
-5.968107669999999 -5.968107669999999 -4.780735
-3.13869665 -3.13869665 -2.6437368
-1.73796682 -1.73796682 -1.513691
-0.79164944 -0.79164944 -0.70907015
-0.40168170999999997 -0.40168170999999997 -0.3640408
-0.22232207 -0.22232207 -0.20206296
-54.77372364 -54.77372364 -52.989056
-24.977649139999997 -24.977649139999997 -24.796993
-11.9399178 -11.9399178 -11.864668
-6.01147546 -6.01147546 -5.9759564
-1.81512388 -1.81512388 -1.8258295
-0.67601057 -0.67601057 -0.6896459
-0.29426052999999996 -0.29426052999999996 -0.30262485
-0.14313601 -0.14313601 -0.14775729
-0.0563551 -0.0563551 -0.058270797
-0.02526623 -0.02526623 -0.02612963
-0.012478030000000001 -0.012478030000000001 -0.012900353
-9.086312470000001 -9.086312470000001 -7.4698443
-1.49957144 -1.49957144 -1.3805747
-0.3810158 -0.3810158 -0.36816514
-0.13001773 -0.13001773 -0.12819326
-0.024723560000000002 -0.024723560000000002 -0.024752269
-0.0068761099999999995 -0.0068761099999999995 -0.006925013
-0.0024114699999999998 -0.0024114699999999998 -0.0026065335
-0.00099122 -0.00099122 -0.0016873372
-0.00032195 -0.00032195 -0.0016369899
-0.0001251 -0.0001251 -0.0030006538
-5.532e-05 -5.532e-05 -0.008888356
-24.09792734 -24.09792734 -22.303982
-13.70931057 -13.70931057 -13.2328005
-7.94955642 -7.94955642 -7.86267
-2.89352114 -2.89352114 -2.9170375
-1.19573028 -1.19573028 -1.2085612
-0.55831432 -0.55831432 -0.5640751
-0.28788707 -0.28788707 -0.29077864
-0.12230569000000001 -0.12230569000000001 -0.123485684
-0.058535090000000005 -0.058535090000000005 -0.059076067
-0.03057675 -0.03057675 -0.030846175
-14.111077410000002 -14.111077410000002 -13.358943
-3.07959201 -3.07959201 -2.977864
-0.8937694500000001 -0.8937694500000001 -0.87349796
-0.32724458 -0.32724458 -0.3222282
-0.06805111 -0.06805111 -0.067031
-0.02011083 -0.02011083 -0.019714862
-0.00738122 -0.00738122 -0.0072202394
-0.00314366 -0.00314366 -0.003519252
-0.00106378 -0.00106378 -0.004251302
-0.0004263399999999999 -0.0004263399999999999 -0.0060817236
-0.00019319 -0.00019319 -0.0068571055
-6.09981951 -6.09981951 -6.16508
-1.35345561 -1.35345561 -1.3139906
-0.41849138999999996 -0.41849138999999996 -0.3929993
-0.16430884 -0.16430884 -0.15054473
-0.03857111 -0.03857111 -0.03413862
-0.012564599999999999 -0.012564599999999999 -0.010943312
-0.0049914899999999995 -0.0049914899999999995 -0.004599845
-0.00227013 -0.00227013 -0.0028574318
-0.00083161 -0.00083161 -0.002796391
-0.00035480000000000017 -0.00035480000000000017 -0.0034226263
-0.00016908 -0.00016908 -0.0059867734
-12.637857989999999 -12.637857989999999 -12.678158
-5.18012918 -5.18012918 -5.113358
-2.32221574 -2.32221574 -2.2741823
-1.1443755100000002 -1.1443755100000002 -1.1196558
-0.35564295 -0.35564295 -0.34749737
-0.13953754 -0.13953754 -0.13544375
-0.06364755999999999 -0.06364755999999999 -0.06126516
-0.03222265 -0.03222265 -0.030782208
-0.01334948 -0.01334948 -0.012803985
-0.00625133 -0.00625133 -0.0074124187
-0.0032061 -0.0032061 -0.007897241
-6.28276323 -6.28276323 -5.694797
-1.3184870100000001 -1.3184870100000001 -1.1902893
-0.38626434 -0.38626434 -0.35991862
-0.1433815 -0.1433815 -0.13612394
-0.030183149999999995 -0.030183149999999995 -0.02902982
-0.00893137 -0.00893137 -0.008623991
-0.00327297 -0.00327297 -0.003216438
-0.00139114 -0.00139114 -0.0018718839
-0.00046936 -0.00046936 -0.001871522
-0.00018761 -0.00018761 -0.0017503607
-8.483e-05 -8.483e-05 -0.002155833
-16.52147644 -16.52147644 -12.434392
-3.43773766 -3.43773766 -3.0722818
-0.94982844 -0.94982844 -0.901495
-0.337701 -0.337701 -0.3246354
-0.06833327 -0.06833327 -0.065366335
-0.019961060000000003 -0.019961060000000003 -0.018959539
-0.00729233 -0.00729233 -0.006890774
-0.0031017399999999995 -0.0031017399999999995 -0.0029250893
-0.0010500700000000002 -0.0010500700000000002 -0.00109091
-0.00042152 -0.00042152 -0.0006857028
-0.00019139 -0.00019139 -0.0006691178
-40.94141276 -40.94141276 -40.759544
-26.001767779999998 -26.001767779999998 -25.936161
-16.79965417 -16.79965417 -16.60288
-11.036208310000001 -11.036208310000001 -10.787048
-7.37277324 -7.37277324 -7.1537757
-3.47607074 -3.47607074 -3.3752744
-1.76885741 -1.76885741 -1.7420306
-0.96780322 -0.96780322 -0.9689254
-0.56336893 -0.56336893 -0.5719467
-0.27469783 -0.27469783 -0.28278613
-0.14601620999999998 -0.14601620999999998 -0.15148553
-0.08290416 -0.08290416 -0.08637508
-11.43907149 -11.43907149 -12.399424
-2.8422445099999996 -2.8422445099999996 -2.9981155
-0.8979630700000001 -0.8979630700000001 -0.9412666
-0.34902648 -0.34902648 -0.36705443
-0.07886724 -0.07886724 -0.08306069
-0.02460813 -0.02460813 -0.025838982
-0.009379299999999998 -0.009379299999999998 -0.00981682
-0.00410708 -0.00410708 -0.0042876853
-0.0014322 -0.0014322 -0.00158852
-0.0005863400000000185 -0.0005863400000000185 -0.0011608418
-0.0011100500014435966 -0.0011100500014435966 -0.0018366914
-34.769501580000004 -34.769501580000004 -36.99971
-14.66071599 -14.66071599 -15.885186
-6.503934480000001 -6.503934480000001 -7.052081
-3.07955472 -3.07955472 -3.3334315
-0.85742611 -0.85742611 -0.92902994
-0.3041345 -0.3041345 -0.32970616
-0.12765194 -0.12765194 -0.13799284
-0.06030395 -0.06030395 -0.064917035
-0.02294769 -0.02294769 -0.02455491
-0.010034040000000001 -0.010034040000000001 -0.010856874
-0.00486311 -0.00486311 -0.0067370455
-24.00953385 -24.00953385 -28.13337
-12.26441249 -12.26441249 -13.887001
-6.51909531 -6.51909531 -7.022751
-3.61514754 -3.61514754 -3.7360868
-2.09984641 -2.09984641 -2.1139808
-0.81322566 -0.81322566 -0.80404425
-0.3671371 -0.3671371 -0.36278936
-0.18537947999999999 -0.18537947999999999 -0.18327726
-0.10160466 -0.10160466 -0.10032162
-0.04613705 -0.04613705 -0.04540296
-0.02317261 -0.02317261 -0.022819817
-0.01256279 -0.01256279 -0.013013676
-10.40867816 -10.40867816 -11.620701
-1.87094518 -1.87094518 -1.9476261
-0.49055772000000003 -0.49055772000000003 -0.48454657
-0.17173313 -0.17173313 -0.16546115
-0.034553169999999994 -0.034553169999999994 -0.032535963
-0.01011752 -0.01011752 -0.00942285
-0.00370761 -0.00370761 -0.0034363754
-0.0015815 -0.0015815 -0.0015949942
-0.0005372999999999975 -0.0005372999999999975 -0.0016107745
-0.00021629 -0.00021629 -0.00521997
-9.842e-05 -9.842e-05 -0.02912492
-7.5012417 -7.5012417 -6.8556147
-1.23352657 -1.23352657 -1.1632423
-0.31730611000000003 -0.31730611000000003 -0.2956913
-0.11165533000000001 -0.11165533000000001 -0.10235308
-0.02302732 -0.02302732 -0.020580774
-0.00692828 -0.00692828 -0.006108352
-0.00260238 -0.00260238 -0.0023796048
-0.00113422 -0.00113422 -0.0014268672
-0.0003948699999999916 -0.0003948699999999916 -0.0026763622
-0.00016286000000000002 -0.00016286000000000002 -0.012228385
-7.543e-05 -7.543e-05 -0.09790854
-23.72564244 -23.72564244 -15.4040985
-15.997244169999998 -15.997244169999998 -11.327375
-10.92152597 -10.92152597 -8.2491665
-5.28269149 -5.28269149 -4.3414598
-2.69954318 -2.69954318 -2.3302045
-1.4669369 -1.4669369 -1.3047856
-0.84803255 -0.84803255 -0.7685609
-0.41330983000000004 -0.41330983000000004 -0.38041866
-0.22245278000000002 -0.22245278000000002 -0.20611966
-0.1289836 -0.1289836 -0.11976303
-25.42755158 -25.42755158 -23.190655
-6.14989848 -6.14989848 -5.7634583
-1.74844375 -1.74844375 -1.6972811
-0.6074203199999999 -0.6074203199999999 -0.60261834
-0.11711115999999999 -0.11711115999999999 -0.117107354
-0.033195 -0.033195 -0.033044294
-0.011879569999999999 -0.011879569999999999 -0.011764623
-0.0049772 -0.0049772 -0.0049094073
-0.00165749 -0.00165749 -0.0016670935
-0.0006575099999999168 -0.0006575099999999168 -0.00078396965
-0.00029582 -0.00029582 -0.00054901466
-22.32648689 -22.32648689 -22.485374
-6.7905646399999995 -6.7905646399999995 -6.7056255
-2.35455023 -2.35455023 -2.2947705
-0.94527639 -0.94527639 -0.9257258
-0.21803440999999998 -0.21803440999999998 -0.21706277
-0.06888961 -0.06888961 -0.06918627
-0.02652716 -0.02652716 -0.026774986
-0.011718919999999999 -0.011718919999999999 -0.011868119
-0.00413298 -0.00413298 -0.0047188103
-0.0017075999999999999 -0.0017075999999999999 -0.006179303
-0.00079207 -0.00079207 -0.011495262
-15.688329079999999 -15.688329079999999 -15.732118
-4.79625457 -4.79625457 -4.933018
-1.66458033 -1.66458033 -1.7402768
-0.30005531 -0.30005531 -0.31329238
-0.07952086 -0.07952086 -0.08207028
-0.026953800000000003 -0.026953800000000003 -0.027555829
-0.010819529999999999 -0.010819529999999999 -0.010989877
-0.0034336199999999996 -0.0034336199999999996 -0.003635861
-0.00131525 -0.00131525 -0.0021906272
-0.0005715699999999935 -0.0005715699999999935 -0.0022276044
-14.102770809999999 -14.102770809999999 -15.033369
-2.7337447399999997 -2.7337447399999997 -2.8629332
-0.71951548 -0.71951548 -0.74119145
-0.25008572 -0.25008572 -0.25457403
-0.049918580000000004 -0.049918580000000004 -0.049804546
-0.01455449 -0.01455449 -0.014339311
-0.00531885 -0.00531885 -0.0052696643
-0.00226423 -0.00226423 -0.0027167564
-0.00076757 -0.00076757 -0.0023145443
-0.00030848000000000003 -0.00030848000000000003 -0.00244179
-0.00014018 -0.00014018 -0.0029919557
-20.110355990000002 -20.110355990000002 -19.709507
-6.17181948 -6.17181948 -6.014795
-2.1277488399999998 -2.1277488399999998 -2.009259
-0.84361172 -0.84361172 -0.78689075
-0.19279824 -0.19279824 -0.17971234
-0.06155333 -0.06155333 -0.05724808
-0.02410538 -0.02410538 -0.022338873
-0.01084009 -0.01084009 -0.0100141885
-0.003920099999999999 -0.003920099999999999 -0.0036394366
-0.00165631 -0.00165631 -0.001827463
-0.0007835099999999873 -0.0007835099999999873 -0.00151433
-8.368873500000001 -8.368873500000001 -5.321102
-1.69988052 -1.69988052 -1.380375
-0.49056131000000003 -0.49056131000000003 -0.4303058
-0.18579464 -0.18579464 -0.16683109
-0.04228754 -0.04228754 -0.038277164
-0.01353614 -0.01353614 -0.012235202
-0.0053046099999999995 -0.0053046099999999995 -0.0048002563
-0.00238366 -0.00238366 -0.0022272444
-0.0008595899999999999 -0.0008595899999999999 -0.0010363916
-0.00036093000000000236 -0.00036093000000000236 -0.0007978389
-0.00017056000000000002 -0.00017056000000000002 -0.0011177612
-6.97147533 -6.97147533 -6.8062677
-1.24634445 -1.24634445 -1.206812
-0.33300570999999995 -0.33300570999999995 -0.32602474
-0.11592054 -0.11592054 -0.11384311
-0.022263810000000002 -0.022263810000000002 -0.021840125
-0.00618524 -0.00618524 -0.0060579106
-0.00216358 -0.00216358 -0.0021520853
-0.00088715 -0.00088715 -0.0011972748
-0.00028729000000000005 -0.00028729000000000005 -0.0022095107
-0.00011135999999999999 -0.00011135999999999999 -0.010865536
-4.916e-05 -4.916e-05 -0.09161371
-11.44650418 -11.44650418 -10.396499
-2.3861248 -2.3861248 -2.1443286
-0.67789894 -0.67789894 -0.62899953
-0.24728471 -0.24728471 -0.23561692
-0.05160014 -0.05160014 -0.05025407
-0.015284009999999999 -0.015284009999999999 -0.014983983
-0.00560699 -0.00560699 -0.0055208094
-0.0023835799999999997 -0.0023835799999999997 -0.0025732853
-0.0008034800000000231 -0.0008034800000000231 -0.0023881644
-0.00032067 -0.00032067 -0.0027272382
-0.00014474 -0.00014474 -0.0024980286
-28.53578855 -28.53578855 -28.654205
-7.862031479999999 -7.862031479999999 -7.480814
-2.3379550100000004 -2.3379550100000004 -2.130122
-0.8142620700000001 -0.8142620700000001 -0.74166465
-0.33608099 -0.33608099 -0.30992573
-0.08315222 -0.08315222 -0.07763569
-0.02794632 -0.02794632 -0.02620509
-0.01133276 -0.01133276 -0.011425746
-0.00522916 -0.00522916 -0.008669991
-0.00194526 -0.00194526 -0.017563086
-0.00083897 -0.00083897 -0.048106343
-0.00040306999999999995 -0.00040306999999999995 -0.13114396
-10.3541456 -10.3541456 -10.08675
-2.13922495 -2.13922495 -2.0065832
-0.6032266799999999 -0.6032266799999999 -0.5741632
-0.21987866 -0.21987866 -0.21231519
-0.04621233 -0.04621233 -0.044942938
-0.013800360000000001 -0.013800360000000001 -0.013415955
-0.0051015800000000005 -0.0051015800000000005 -0.0049529597
-0.00218378 -0.00218378 -0.0021240227
-0.0007425700000000014 -0.0007425700000000014 -0.00089844316
-0.004351210000095307 -0.004351210000095307 -0.00092757493
-0.00013550999999999998 -0.00013550999999999998 -0.0017560497
-50.85432213 -50.85432213 -52.397823
-9.99898603 -9.99898603 -9.550805
-2.36459012 -2.36459012 -2.2205665
-0.71770793 -0.71770793 -0.6866521
-0.26928417 -0.26928417 -0.26169005
-0.057104800000000004 -0.057104800000000004 -0.05614967
-0.016939890000000003 -0.016939890000000003 -0.016693015
-0.00620858 -0.00620858 -0.0061173146
-0.00263656 -0.00263656 -0.002595752
-0.0008877900000000001 -0.0008877900000000001 -0.0009030546
-0.0003541300000000011 -0.0003541300000000011 -0.0005755867
-0.00015979 -0.00015979 -0.00073826266
-13.82732914 -13.82732914 -10.741261
-6.09036811 -6.09036811 -5.2015853
-2.8840817 -2.8840817 -2.5938632
-0.81411425 -0.81411425 -0.7711225
-0.29802407999999997 -0.29802407999999997 -0.2881084
-0.13015199 -0.13015199 -0.1267335
-0.0639949 -0.0639949 -0.06246469
-0.02571967 -0.02571967 -0.025129
-0.011792200000000001 -0.011792200000000001 -0.011518461
-0.005951649999999999 -0.005951649999999999 -0.005810975
-10.10701136 -10.10701136 -7.5141373
-1.77185127 -1.77185127 -1.493493
-0.44561663 -0.44561663 -0.40336338
-0.15303601 -0.15303601 -0.14381376
-0.03051528 -0.03051528 -0.029427407
-0.00891402 -0.00891402 -0.008659691
-0.00325813 -0.00325813 -0.0031774337
-0.0013856 -0.0013856 -0.0014588987
-0.0004686300000000254 -0.0004686300000000254 -0.0013602222
-0.00018784000000000002 -0.00018784000000000002 -0.0027824338
-8.515000000000001e-05 -8.515000000000001e-05 -0.008840952
-27.73195089 -27.73195089 -26.42251
-13.33707291 -13.33707291 -12.405709
-6.648395750000001 -6.648395750000001 -5.992564
-3.46208649 -3.46208649 -3.0620754
-1.0955855099999998 -1.0955855099999998 -0.97307163
-0.42229806999999997 -0.42229806999999997 -0.38391498
-0.18967404000000002 -0.18967404000000002 -0.17550723
-0.09505824999999998 -0.09505824999999998 -0.088927284
-0.03898642999999999 -0.03898642999999999 -0.0368296
-0.018131949999999994 -0.018131949999999994 -0.017225178
-0.009251249999999999 -0.009251249999999999 -0.008846568
-12.55299877 -12.55299877 -11.965465
-2.19611408 -2.19611408 -2.167576
-0.55502106 -0.55502106 -0.56497097
-0.18516684 -0.18516684 -0.19089246
-0.033736220000000004 -0.033736220000000004 -0.034995854
-0.00907721 -0.00907721 -0.009424003
-0.00310459 -0.00310459 -0.0032239128
-0.00125165 -0.00125165 -0.0013164142
-0.00039779 -0.00039779 -0.0005635787
-0.00015209000000000002 -0.00015209000000000002 -0.00045376457
-6.644e-05 -6.644e-05 -0.0008317996
-10.50326151 -10.50326151 -10.478902
-2.23270865 -2.23270865 -2.159712
-0.64390785 -0.64390785 -0.6387463
-0.23587091000000002 -0.23587091000000002 -0.2383067
-0.04878006 -0.04878006 -0.049840335
-0.01422471 -0.01422471 -0.014563054
-0.00514354 -0.00514354 -0.0052663423
-0.00216034 -0.00216034 -0.0022705034
-0.00071778 -0.00071778 -0.0012366162
-0.00028334 -0.00028334 -0.0011661337
-0.00012677 -0.00012677 -0.0013538734
-8.68489097 -8.68489097 -7.3094974
-1.28630056 -1.28630056 -1.2266531
-0.3132022 -0.3132022 -0.30307537
-0.10591139 -0.10591139 -0.10133488
-0.02052793 -0.02052793 -0.019194402
-0.00589423 -0.00589423 -0.005435153
-0.0021344899999999997 -0.0021344899999999997 -0.0020338818
-0.0009033499999999999 -0.0009033499999999999 -0.0012391945
-0.00030454 -0.00030454 -0.0011177128
-0.00012195999999999999 -0.00012195999999999999 -0.0013302639
-5.529e-05 -5.529e-05 -0.0019440195
-40.0636512 -40.0636512 -41.22649
-27.128439020000002 -27.128439020000002 -28.157383
-12.71233197 -12.71233197 -12.998157
-6.16547284 -6.16547284 -6.140829
-3.12938341 -3.12938341 -3.071228
-1.6819118400000002 -1.6819118400000002 -1.6467063
-0.73629128 -0.73629128 -0.7290278
-0.3609982 -0.3609982 -0.36147735
-0.19321582 -0.19321582 -0.1948893
-14.927939680000001 -14.927939680000001 -14.554152
-5.09853999 -5.09853999 -4.794441
-1.9331795600000001 -1.9331795600000001 -1.7765079
-0.83036525 -0.83036525 -0.76241344
-0.21201624000000002 -0.21201624000000002 -0.1966274
-0.07238858 -0.07238858 -0.06736517
-0.029632930000000002 -0.029632930000000002 -0.027578142
-0.01374334 -0.01374334 -0.012784342
-0.0051288900000000005 -0.0051288900000000005 -0.004871186
-0.0022134999999999998 -0.0022134999999999998 -0.0033505931
-0.00106303 -0.00106303 -0.004508503
-8.822903519999999 -8.822903519999999 -9.063668
-2.3272991 -2.3272991 -2.3407888
-0.78991353 -0.78991353 -0.7979711
-0.32589861 -0.32589861 -0.33188027
-0.07962016 -0.07962016 -0.08161381
-0.02603862 -0.02603862 -0.026690906
-0.01024022 -0.01024022 -0.010480106
-0.0045851799999999995 -0.0045851799999999995 -0.0046844045
-0.0016368799999999998 -0.0016368799999999998 -0.0017400528
-0.0006812600000003499 -0.0006812600000003499 -0.0009995708
-0.00031749 -0.00031749 -0.00087379664
-20.88800745 -20.88800745 -20.176365
-2.5039584 -2.5039584 -2.2018445
-0.49708064 -0.49708064 -0.4523744
-0.15041162 -0.15041162 -0.14247748
-0.05826058 -0.05826058 -0.05623865
-0.01313639 -0.01313639 -0.012877689
-0.00408571 -0.00408571 -0.004030601
-0.00155312 -0.00155312 -0.0015443172
-0.0006787099999999999 -0.0006787099999999999 -0.0007916023
-0.00023612 -0.00023612 -0.0006078342
-9.651000000000001e-05 -9.651000000000001e-05 -0.00071247015
-4.4380000000000005e-05 -4.4380000000000005e-05 -0.0016294131
-8.364593750000001 -8.364593750000001 -7.715622
-2.36699751 -2.36699751 -2.069176
-0.82900202 -0.82900202 -0.7350566
-0.34792781 -0.34792781 -0.31632847
-0.08760055 -0.08760055 -0.08180365
-0.029381519999999998 -0.029381519999999998 -0.027750235
-0.01179166 -0.01179166 -0.01135877
-0.00536679 -0.00536679 -0.008264633
-0.00195308 -0.00195308 -0.02463997
-0.00082487 -0.00082487 -0.1176888
-0.00038883999999999967 -0.00038883999999999967 -0.94084424
-34.77109754 -34.77109754 -43.17704
-14.121145689999999 -14.121145689999999 -16.447891
-6.19611441 -6.19611441 -6.6042967
-2.94681053 -2.94681053 -2.949672
-1.51998778 -1.51998778 -1.479398
-0.50108297 -0.50108297 -0.48610705
-0.2030766 -0.2030766 -0.19908528
-0.09433437 -0.09433437 -0.09314066
-0.04824388 -0.04824388 -0.04783419
-0.0201103 -0.0201103 -0.020018352
-0.009419900000000002 -0.009419900000000002 -0.009745628
-0.00481717 -0.00481717 -0.008613465
-26.48214746 -26.48214746 -26.019238
-10.33321335 -10.33321335 -9.879705
-4.377828790000001 -4.377828790000001 -4.1168466
-2.0273257599999996 -2.0273257599999996 -1.91562
-0.56074241 -0.56074241 -0.5442842
-0.20054026 -0.20054026 -0.19790468
-0.08495192 -0.08495192 -0.084442586
-0.04045446 -0.04045446 -0.040340938
-0.01553842 -0.01553842 -0.01554592
-0.0068419 -0.0068419 -0.007287786
-0.0033338 -0.0033338 -0.0059249853
-4.777747979999999 -4.777747979999999 -4.5071054
-0.84193774 -0.84193774 -0.7765453
-0.22480376 -0.22480376 -0.20950988
-0.07911118 -0.07911118 -0.07410586
-0.01566548 -0.01566548 -0.014681514
-0.00448357 -0.00448357 -0.0042113955
-0.00160909 -0.00160909 -0.0016738172
-0.0006741799999999999 -0.0006741799999999999 -0.0012827511
-0.00022411 -0.00022411 -0.004373118
-8.868e-05 -8.868e-05 -0.03137657
-3.98e-05 -3.98e-05 -0.6108459
-19.09781134 -19.09781134 -41.318943
-5.66119258 -5.66119258 -14.607277
-1.92405249 -1.92405249 -4.890574
-0.35413966999999996 -0.35413966999999996 -1.775472
-0.10171158 -0.10171158 -0.34434822
-0.03764314 -0.03764314 -0.09952472
-0.016363080000000002 -0.016363080000000002 -0.036737084
-0.0057407 -0.0057407 -0.016150907
-0.00238081 -0.00238081 -0.007968009
-0.0011120999999999492 -0.0011120999999999492 -0.0115053
-7.7995024100000006 -7.7995024100000006 -7.2055826
-1.07516298 -1.07516298 -0.94767946
-0.24699125000000002 -0.24699125000000002 -0.22051033
-0.08038172 -0.08038172 -0.07238394
-0.014793879999999999 -0.014793879999999999 -0.013400555
-0.00409997 -0.00409997 -0.0037219822
-0.00144534 -0.00144534 -0.0013237856
-0.0005995099999999698 -0.0005995099999999698 -0.0006490648
-0.00019688 -0.00019688 -0.0005772412
-7.735999999999999e-05 -7.735999999999999e-05 -0.0010736436
-3.455e-05 -3.455e-05 -0.0034323484
-8.872297759999999 -8.872297759999999 -8.168537
-2.51418905 -2.51418905 -2.2701097
-0.88015113 -0.88015113 -0.81356484
-0.36829744999999997 -0.36829744999999997 -0.34732056
-0.09148484 -0.09148484 -0.08768686
-0.0302732 -0.0302732 -0.029140636
-0.01201228 -0.01201228 -0.011876353
-0.005417 -0.005417 -0.008653032
-0.00195023 -0.00195023 -0.027639471
-0.0008169899999999619 -0.0008169899999999619 -0.14991015
-0.00038275000000000006 -0.00038275000000000006 -1.6968896
-13.48990431 -13.48990431 -12.798029
-3.2960997499999998 -3.2960997499999998 -3.0327826
-1.02007168 -1.02007168 -0.95880246
-0.39021987999999996 -0.39021987999999996 -0.37454373
-0.08596095000000001 -0.08596095000000001 -0.08387861
-0.0262439 -0.0262439 -0.025730155
-0.009820000000001272 -0.009820000000001272 -0.009646118
-0.0042345099999999995 -0.0042345099999999995 -0.004396826
-0.00144944 -0.00144944 -0.003283739
-0.0005856400000000123 -0.0005856400000000123 -0.0045048594
-0.00026616 -0.00026616 -0.0051831007
-51.14931444 -51.14931444 -50.461235
-36.25313704 -36.25313704 -36.733276
-18.55317489 -18.55317489 -19.261698
-9.78001684 -9.78001684 -10.187608
-5.3499402499999995 -5.3499402499999995 -5.552674
-3.0560911500000003 -3.0560911500000003 -3.157558
-1.43259707 -1.43259707 -1.4748187
-0.73375855 -0.73375855 -0.75507635
-0.40425687 -0.40425687 -0.41605255
-26.3356154 -26.3356154 -29.564096
-7.864294610000001 -7.864294610000001 -8.722859
-2.62349276 -2.62349276 -2.7645547
-1.01059455 -1.01059455 -1.0204637
-0.44977611 -0.44977611 -0.44191843
-0.12286579 -0.12286579 -0.11725805
-0.04410352 -0.04410352 -0.04140494
-0.01877577 -0.01877577 -0.017439803
-0.008996559999999999 -0.008996559999999999 -0.008295713
-0.0034942700000000003 -0.0034942700000000003 -0.0032320274
-0.00155711 -0.00155711 -0.0016697496
-0.0007677 -0.0007677 -0.0015205494
-26.760805819999998 -26.760805819999998 -29.35654
-4.71669479 -4.71669479 -4.8586793
-1.0592910599999998 -1.0592910599999998 -1.0613825
-0.32412897 -0.32412897 -0.32744765
-0.05464936 -0.05464936 -0.05597488
-0.01426214 -0.01426214 -0.014673434
-0.00480508 -0.00480508 -0.0049548503
-0.00192155 -0.00192155 -0.0020193066
-0.0006068300000000026 -0.0006068300000000026 -0.0011077747
-0.00023134 -0.00023134 -0.0016541034
-0.00010092 -0.00010092 -0.0044627264
-6.3098697900000005 -6.3098697900000005 -5.148929
-1.0149848899999998 -1.0149848899999998 -0.9618343
-0.26271173000000003 -0.26271173000000003 -0.25337568
-0.09158097999999999 -0.09158097999999999 -0.08768322
-0.01816024 -0.01816024 -0.017074384
-0.00524904 -0.00524904 -0.0048801973
-0.00190469 -0.00190469 -0.0018343851
-0.00080642 -0.00080642 -0.0012984276
-0.00027179 -0.00027179 -0.0039955005
-0.0001088 -0.0001088 -0.025569644
-4.9300000000000006e-05 -4.9300000000000006e-05 -0.37197685
-24.399380009999998 -24.399380009999998 -25.998648
-6.36538624 -6.36538624 -6.134988
-1.8938064000000001 -1.8938064000000001 -1.732281
-0.68449655 -0.68449655 -0.6375508
-0.29372128999999997 -0.29372128999999997 -0.28106603
-0.07585750000000001 -0.07585750000000001 -0.074805826
-0.02581791 -0.02581791 -0.025796738
-0.01046028 -0.01046028 -0.010611018
-0.00479251 -0.00479251 -0.007670424
-0.00175595 -0.00175595 -0.022594798
-0.0007450099999999999 -0.0007450099999999999 -0.10199687
-0.0003523500000000013 -0.0003523500000000013 -0.75011235
