-8.43272677278 -8.43272677278 -0.2892426
-4.33430641245 -4.33430641245 -0.18641058
-1.0588793779 -1.0588793779 -0.107453525
-0.24686788850000002 -0.24686788850000002 -0.061802827
-0.05908955551000001 -0.05908955551000001 -0.03077092
-0.015826172685 -0.015826172685 -0.013502188
-0.003180084365 -0.003180084365 -0.0033143982
-0.000986951705 -0.000986951705 -0.00070945174
-0.000392013405 -0.000392013405 -0.00013873726
-10.315780505125 -10.315780505125 -10.036724
-2.0016008597 -2.0016008597 -3.2589645
-0.3645932081 -0.3645932081 -1.0096034
-0.06213471543000001 -0.06213471543000001 -0.30357045
-0.000383769335 -0.000383769335 -0.026344217
0.0004887105700000001 0.0004887105700000001 -0.0022783708
0.00018203492282795001 0.00018203492282795001 -0.00020198897
6.681425723905001e-05 6.681425723905001e-05 -1.841411e-05
1.6254305434815e-05 1.6254305434815e-05 -5.289912e-07
-4.23807616637e-06 -4.23807616637e-06 -1.1175871e-08
9.230449687315001e-07 9.230449687315001e-07 0.0
-0.6312953838400001 -0.6312953838400001 0.110448144
-0.01011578895 -0.01011578895 -0.0005215015
-0.000906663915 -0.000906663915 -0.000112249516
-0.00019422649955330002 -0.00019422649955330002 -5.2843243e-06
1.2589720699105001e-05 1.2589720699105001e-05 -3.7252903e-09
-1.3734910396435001e-05 -1.3734910396435001e-05 -1.8626451e-09
-1.147782016261e-06 -1.147782016261e-06 -1.8626451e-09
-4.3101140315050004e-05 -4.3101140315050004e-05 -9.313226e-10
-2.9748444878850004e-06 -2.9748444878850004e-06 -9.313226e-10
-2.84705733336e-07 -2.84705733336e-07 0.0
-1.1747615544920001e-07 -1.1747615544920001e-07 0.0
-2.9552229186550005 -2.9552229186550005 -1.5206255
-0.8172027592750001 -0.8172027592750001 -0.8217959
-0.221795649995 -0.221795649995 -0.4240725
-0.01645994213 -0.01645994213 -0.09843837
-0.00148729324 -0.00148729324 -0.019670334
-0.00026764347000000005 -0.00026764347000000005 -0.0035334113
-9.58976540412e-05 -9.58976540412e-05 -0.0005896301
-3.27789563467e-05 -3.27789563467e-05 -3.665127e-05
-1.3201118757450001e-05 -1.3201118757450001e-05 -2.1215528e-06
-9.188489996515001e-06 -9.188489996515001e-06 -1.17346644e-07
-0.99385351438 -0.99385351438 -1.4071478
-0.02694792196 -0.02694792196 -0.11932196
-0.002017250415 -0.002017250415 -0.007765338
-0.00038492455500000003 -0.00038492455500000003 -0.00044709444
-3.3870874754050004e-05 -3.3870874754050004e-05 -1.2833625e-06
5.532973606530001e-07 5.532973606530001e-07 -3.7252903e-09
4.642407760995e-06 4.642407760995e-06 0.0
-1.6411728314415001e-06 -1.6411728314415001e-06 0.0
-0.00030825995500000005 -0.00030825995500000005 0.0
0.01944576575 0.01944576575 0.0
1.8676870247855e-07 1.8676870247855e-07 0.0
-0.19558709509 -0.19558709509 -1.1831572
-0.00460717489 -0.00460717489 -0.09221153
-0.00052011155 -0.00052011155 -0.006744785
-0.00017239349267729999 -0.00017239349267729999 -0.00047447812
-2.348143098925e-05 -2.348143098925e-05 -2.1704473e-06
3.8326443822250005e-06 3.8326443822250005e-06 -9.313226e-09
-3.23816058253e-05 -3.23816058253e-05 0.0
-1.6952851058285002e-05 -1.6952851058285002e-05 -4.656613e-10
-4.302143591115e-05 -4.302143591115e-05 0.0
-2.559793475605e-06 -2.559793475605e-06 4.656613e-10
-7.837425917485e-08 -7.837425917485e-08 -4.656613e-10
-1.1578042271400002 -1.1578042271400002 -2.6990726
-0.13558181769 -0.13558181769 -0.6834444
-0.01286095924 -0.01286095924 -0.1684593
7.1160207744e-05 7.1160207744e-05 -0.04086803
0.0005140991550000001 0.0005140991550000001 -0.0023476966
0.00016530958728145 0.00016530958728145 -0.00013314933
5.616136502815001e-05 5.616136502815001e-05 -7.517636e-06
9.44134447135e-06 9.44134447135e-06 -4.3585896e-07
1.0275840611475e-05 1.0275840611475e-05 -5.5879354e-09
3.0469188212150003e-05 3.0469188212150003e-05 0.0
4.34339106253e-06 4.34339106253e-06 1.8626451e-09
-0.19232354608 -0.19232354608 -0.48577917
-5.747272771395e-05 -5.747272771395e-05 -0.022440355
0.000595122085 0.000595122085 -0.0011541182
0.00017456081535955001 0.00017456081535955001 -6.450806e-05
3.109162389875e-05 3.109162389875e-05 -2.1234155e-07
4.082957241785e-06 4.082957241785e-06 -9.313226e-10
6.00677165159e-06 6.00677165159e-06 9.313226e-10
-2.2458300524370003e-06 -2.2458300524370003e-06 0.0
0.21851490396 0.21851490396 9.313226e-10
-2.2467104324715e-07 -2.2467104324715e-07 0.0
1.302229553237e-07 1.302229553237e-07 0.0
-1.4200436042350002 -1.4200436042350002 0.88717926
-0.023823708235000005 -0.023823708235000005 0.01979399
0.00024741943279855 0.00024741943279855 -0.0020000217
0.00022115415711665 0.00022115415711665 -0.0002885214
3.5251337711800004e-05 3.5251337711800004e-05 -1.8319115e-06
1.3974095021735001e-05 1.3974095021735001e-05 -7.450581e-09
-8.27288134433e-06 -8.27288134433e-06 1.8626451e-09
2.1159745920240002e-05 2.1159745920240002e-05 -9.313226e-10
0.00012183586042355001 0.00012183586042355001 9.313226e-10
0.012123088720000001 0.012123088720000001 9.313226e-10
6.88728936731e-07 6.88728936731e-07 9.313226e-10
-9.861287367740001 -9.861287367740001 -8.753337
-4.05798456224 -4.05798456224 -4.3916135
-1.6089664976950002 -1.6089664976950002 -2.1403005
-0.6223024687300001 -0.6223024687300001 -1.0236658
-0.237283316965 -0.237283316965 -0.4839977
-0.033823135025 -0.033823135025 -0.10653241
-0.00476097668 -0.00476097668 -0.023395477
-0.00068399526 -0.00068399526 -0.0051818434
-0.00011492121628680001 -0.00011492121628680001 -0.0011619953
-2.0905187653435e-05 -2.0905187653435e-05 -0.00012635626
-8.408599793040001e-06 -8.408599793040001e-06 -1.4094636e-05
-4.426928932725e-06 -4.426928932725e-06 -1.5962869e-06
-0.6847280370500001 -0.6847280370500001 -2.3296695
-0.018334942955 -0.018334942955 -0.20333473
0.0002223123027113 0.0002223123027113 -0.015494736
0.00022787534522415002 0.00022787534522415002 -0.0010804316
2.4654987612525e-05 2.4654987612525e-05 -4.567817e-06
2.128146084462e-06 2.128146084462e-06 -1.9237632e-08
-1.5089621977595003e-07 -1.5089621977595003e-07 0.0
2.251127723325e-05 2.251127723325e-05 3.2014214e-10
-9.718626913245001e-06 -9.718626913245001e-06 3.4924597e-10
1.5116389238900001e-05 1.5116389238900001e-05 3.4924597e-10
0.0069019669100000005 0.0069019669100000005 3.4924597e-10
-3.8782546995000002 -3.8782546995000002 -9.226129
-0.6924070469400001 -0.6924070469400001 -2.6640036
-0.120745458505 -0.120745458505 -0.715828
-0.023182508625000004 -0.023182508625000004 -0.18144676
-0.0018275317850000002 -0.0018275317850000002 -0.010339538
-0.00035580776000000003 -0.00035580776000000003 -0.0005393736
-0.0001009498637836 -0.0001009498637836 -2.7178787e-05
-3.38228630232e-05 -3.38228630232e-05 -1.3578683e-06
-7.400628282530001e-06 -7.400628282530001e-06 -1.3038516e-08
-4.2711401905800004e-07 -4.2711401905800004e-07 0.0
-3.202416736725e-06 -3.202416736725e-06 0.0
-6.414631130565001 -6.414631130565001 -8.515486
-1.534513461365 -1.534513461365 -3.241439
-0.350446987845 -0.350446987845 -1.166067
-0.079610962355 -0.079610962355 -0.40299022
-0.018813834155 -0.018813834155 -0.13528761
-0.0016689778400000002 -0.0016689778400000002 -0.014385544
-0.0004067687150000001 -0.0004067687150000001 -0.0014599748
-0.00016570222135465002 -0.00016570222135465002 -0.0001447387
-7.67227033652e-05 -7.67227033652e-05 -1.4223158e-05
-2.51465002474e-05 -2.51465002474e-05 -4.3958426e-07
-1.03421737377e-05 -1.03421737377e-05 -7.450581e-09
-1.903969536549e-06 -1.903969536549e-06 0.0
-0.5638433745350001 -0.5638433745350001 -1.9594208
-0.007123007755000001 -0.007123007755000001 -0.1310003
1.8282186866885e-06 1.8282186866885e-06 -0.007879963
-8.791606131485001e-06 -8.791606131485001e-06 -0.0004611332
-6.386777778675001e-06 -6.386777778675001e-06 -1.5180558e-06
-3.67785894865e-06 -3.67785894865e-06 -3.7252903e-09
2.7623005747900002e-05 2.7623005747900002e-05 0.0
5.1668828394850005e-05 5.1668828394850005e-05 1.8626451e-09
0.266715592045 0.266715592045 1.8626451e-09
-9.868438940935002e-07 -9.868438940935002e-07 0.0
2.0881918765860001e-07 2.0881918765860001e-07 -2.2351742e-08
-0.523697064075 -0.523697064075 -0.7449883
-0.007259901325000001 -0.007259901325000001 -0.040672045
-0.0005227633050000001 -0.0005227633050000001 -0.0019331016
-0.00011969092459215001 -0.00011969092459215001 -8.6729415e-05
-3.4413348737750006e-06 -3.4413348737750006e-06 -1.5832484e-07
-2.516345409859e-05 -2.516345409859e-05 9.313226e-10
1.6852533591335e-06 1.6852533591335e-06 -4.656613e-10
-4.129475982060001e-06 -4.129475982060001e-06 -4.656613e-10
0.30894662827 0.30894662827 -4.656613e-10
1.055459091791e-07 1.055459091791e-07 -1.5366822e-08
2.332213786098e-08 2.332213786098e-08 -0.00010767626
-7.823822991945001 -7.823822991945001 -0.5636856
-3.5555932206250005 -3.5555932206250005 -0.43310553
-1.585050870705 -1.585050870705 -0.3141973
-0.30130642327 -0.30130642327 -0.14300215
-0.054726053275 -0.054726053275 -0.05649617
-0.00919670642 -0.00919670642 -0.0202731
-0.00119391987 -0.00119391987 -0.006800586
0.00016996243484435 0.00016996243484435 -0.0012108386
0.0001384191519567 0.0001384191519567 -0.00020077918
7.55773190133e-05 7.55773190133e-05 -3.1763222e-05
-2.03344418394 -2.03344418394 -2.0538118
-0.114387390175 -0.114387390175 -0.13427475
-0.006559155375 -0.006559155375 -0.010336757
-0.000856359335 -0.000856359335 -0.000889563
-8.55044463596e-05 -8.55044463596e-05 -5.746726e-06
-1.8810830819295002e-05 -1.8810830819295002e-05 -2.9336661e-08
-2.283205131894e-06 -2.283205131894e-06 0.0
1.3284961028115e-07 1.3284961028115e-07 0.0
3.287850480470001e-05 3.287850480470001e-05 0.0
1.2383314863695002e-05 1.2383314863695002e-05 4.656613e-10
0.002387235875 0.002387235875 4.656613e-10
-1.779864388475 -1.779864388475 -1.9566319
-0.108352625915 -0.108352625915 -0.3103624
-0.00244476058 -0.00244476058 -0.044107385
0.0008943503200000002 0.0008943503200000002 -0.005898226
9.77175361694e-05 9.77175361694e-05 -9.622052e-05
7.453854282635001e-06 7.453854282635001e-06 -1.4826655e-06
1.0770006261590002e-05 1.0770006261590002e-05 -1.8626451e-08
-9.036750930590001e-07 -9.036750930590001e-07 0.0
2.77673132048e-05 2.77673132048e-05 0.0
-7.82143087264e-06 -7.82143087264e-06 0.0
-0.00045337134000000004 -0.00045337134000000004 -3.7252903e-09
-0.7236413339450001 -0.7236413339450001 -1.4870173
-0.054961350585000006 -0.054961350585000006 -0.27996966
-0.005040356135 -0.005040356135 -0.050360773
-0.00024401378490225 -0.00024401378490225 -0.0012683552
-3.57388058952e-05 -3.57388058952e-05 -2.4382956e-05
1.2461125310660002e-06 1.2461125310660002e-06 -3.9488077e-07
8.082541284735001e-07 8.082541284735001e-07 -6.519258e-09
7.39222353193e-05 7.39222353193e-05 0.0
3.32158889061e-05 3.32158889061e-05 0.0
8.046591625985e-06 8.046591625985e-06 -9.313226e-10
-1.11813969593 -1.11813969593 -2.967545
-0.020232286785 -0.020232286785 -0.2143968
0.0002246390055834 0.0002246390055834 -0.013662849
0.000152662963622 0.000152662963622 -0.00083292834
1.9659633282665002e-05 1.9659633282665002e-05 -2.8871e-06
4.517471663175e-06 4.517471663175e-06 -9.313226e-09
3.61444913289e-05 3.61444913289e-05 0.0
-5.46298218737e-06 -5.46298218737e-06 0.0
-0.00010656888615725001 -0.00010656888615725001 0.0
-4.96295828536e-07 -4.96295828536e-07 0.0
1.4705202516285002e-07 1.4705202516285002e-07 0.0
-3.056874901 -3.056874901 -3.192772
-0.249031326755 -0.249031326755 -0.6039469
-0.019187022725 -0.019187022725 -0.09798778
-0.001376943475 -0.001376943475 -0.014658227
5.9935859180000005e-06 5.9935859180000005e-06 -0.00029976445
2.253756536706e-06 2.253756536706e-06 -5.897775e-06
3.9600799297900005e-06 3.9600799297900005e-06 -1.139706e-07
-1.2269772018105e-06 -1.2269772018105e-06 -2.4374458e-09
-5.55954492677e-05 -5.55954492677e-05 -7.2759576e-11
2.763952775685e-06 2.763952775685e-06 -7.2759576e-11
-0.00012634137726630002 -0.00012634137726630002 -7.2759576e-11
-0.873733712525 -0.873733712525 0.69485986
-0.012692270865 -0.012692270865 0.024858184
0.00033737675000000006 0.00033737675000000006 0.00054483674
0.00016759871819835002 0.00016759871819835002 -6.040558e-06
1.0678508164200001e-05 1.0678508164200001e-05 -1.359731e-07
-7.028767716685e-06 -7.028767716685e-06 -1.8626451e-09
1.6723193532325e-06 1.6723193532325e-06 9.313226e-10
-8.995779189185e-06 -8.995779189185e-06 1.8626451e-09
1.104465220264e-06 1.104465220264e-06 1.8626451e-09
0.011254940889999999 0.011254940889999999 1.8626451e-09
5.16564609771e-08 5.16564609771e-08 1.8626451e-09
-0.132908192275 -0.132908192275 -0.46145645
0.0020107391750000003 0.0020107391750000003 -0.013696288
0.00064828846 0.00064828846 -0.00044123083
0.00016147014219785 0.00016147014219785 -1.4923513e-05
1.3945532023450002e-05 1.3945532023450002e-05 -1.5832484e-08
-2.0016807562905002e-05 -2.0016807562905002e-05 -9.313226e-10
-2.487049051663e-05 -2.487049051663e-05 -9.313226e-10
0.00018985002682320003 0.00018985002682320003 0.0
0.08349657108000001 0.08349657108000001 0.0
-2.3547735628800002e-08 -2.3547735628800002e-08 0.0
8.853760223105e-08 8.853760223105e-08 -2.0368025e-06
-0.8416250552550001 -0.8416250552550001 -0.6712517
-0.021154336130000003 -0.021154336130000003 -0.039946117
-0.00159714416 -0.00159714416 -0.0020071738
-0.00036607346500000006 -0.00036607346500000006 -9.9264085e-05
-4.387704172765e-05 -4.387704172765e-05 -2.5238842e-07
-8.2764361138e-06 -8.2764361138e-06 -4.656613e-10
-1.9650298737495e-05 -1.9650298737495e-05 9.313226e-10
1.4341850040720001e-06 1.4341850040720001e-06 9.313226e-10
-0.00016098249600555 -0.00016098249600555 0.0
-1.676609979464e-08 -1.676609979464e-08 0.0
5.215731605990001e-07 5.215731605990001e-07 0.0
-8.356879097105 -8.356879097105 -5.551222
-0.64116689627 -0.64116689627 -0.9157462
-0.030900927270000003 -0.030900927270000003 -0.13283418
-0.00041900354500000003 -0.00041900354500000003 -0.01842435
0.000356359115 0.000356359115 -0.0025113663
7.160330156425e-05 7.160330156425e-05 -4.5107678e-05
6.12219482777e-06 6.12219482777e-06 -7.683411e-07
6.548319463910001e-06 6.548319463910001e-06 -1.1175871e-08
-4.334485944140001e-06 -4.334485944140001e-06 9.313226e-10
1.3440059867625e-05 1.3440059867625e-05 -3.7252903e-09
-4.5192841245900005e-05 -4.5192841245900005e-05 -8.0186874e-07
0.051271525395 0.051271525395 -7.123593e-05
-0.641956987985 -0.641956987985 -1.5559597
-0.009805323575 -0.009805323575 -0.0698066
0.000629096055 0.000629096055 -0.0027548932
0.00023278403962300002 0.00023278403962300002 -0.00010881759
1.407172300525e-05 1.407172300525e-05 -1.9930303e-07
3.1482661405400004e-06 3.1482661405400004e-06 0.0
-2.4692871450870003e-05 -2.4692871450870003e-05 0.0
2.0703872793800003e-05 2.0703872793800003e-05 1.8626451e-09
-0.00021018285004185 -0.00021018285004185 0.0
-3.6986946803550004e-07 -3.6986946803550004e-07 0.0
4.964807766325e-07 4.964807766325e-07 0.0
-11.350337461065001 -11.350337461065001 -10.803456
-0.42636534198000003 -0.42636534198000003 -0.8529642
-0.01766667444 -0.01766667444 -0.060129873
-0.0018263765650000001 -0.0018263765650000001 -0.0040737307
-0.000417008165 -0.000417008165 -0.00027127098
-4.470929897265001e-05 -4.470929897265001e-05 -1.1688098e-06
-1.0520736171865e-05 -1.0520736171865e-05 -4.656613e-09
-8.419272634325e-05 -8.419272634325e-05 -9.313226e-10
0.0004669451750000001 0.0004669451750000001 -9.313226e-10
3.1947579694400004e-05 3.1947579694400004e-05 -9.313226e-10
-9.29831757582e-07 -9.29831757582e-07 -9.313226e-10
5.841242566995001e-07 5.841242566995001e-07 -9.313226e-10
-1.46148525763 -1.46148525763 -0.15643792
-0.22489694310500002 -0.22489694310500002 -0.12163657
-0.0361547103 -0.0361547103 -0.04970735
-0.0016949177800000001 -0.0016949177800000001 -0.0048764525
-0.000263153865 -0.000263153865 -0.00035747373
-7.84941644471e-05 -7.84941644471e-05 -2.2972934e-05
-2.5512180465010004e-05 -2.5512180465010004e-05 -1.3792887e-06
-5.5773051740300005e-06 -5.5773051740300005e-06 -1.9557774e-08
-3.62888528711e-06 -3.62888528711e-06 0.0
0.00018038069478440002 0.00018038069478440002 -4.656613e-10
-1.52823749242 -1.52823749242 0.12679063
-0.02115769677 -0.02115769677 -0.0036491612
-4.359055924495e-05 -4.359055924495e-05 -0.00043169037
3.465765571355e-05 3.465765571355e-05 -2.03643e-05
-6.755376213280001e-06 -6.755376213280001e-06 -2.7939677e-08
5.723141958425001e-07 5.723141958425001e-07 9.313226e-10
3.23633228935e-05 3.23633228935e-05 9.313226e-10
-0.00010025574958405 -0.00010025574958405 0.0
0.30051635781 0.30051635781 0.0
-1.6793593111715002e-07 -1.6793593111715002e-07 9.313226e-10
1.7722670106310001e-07 1.7722670106310001e-07 -1.8626451e-09
-5.771294626115001 -5.771294626115001 -4.6596355
-1.27001237355 -1.27001237355 -1.4635386
-0.271603485395 -0.271603485395 -0.4361654
-0.059968966735 -0.059968966735 -0.12501639
-0.0044869532450000004 -0.0044869532450000004 -0.009494053
-0.000846592475 -0.000846592475 -0.0006766524
-0.00027087283500000004 -0.00027087283500000004 -4.6656467e-05
-0.00010560266329985002 -0.00010560266329985002 -3.1692907e-06
-3.21212428668e-05 -3.21212428668e-05 -5.3085387e-08
-6.10001701923e-06 -6.10001701923e-06 -9.313226e-10
-3.96022091914e-06 -3.96022091914e-06 -9.313226e-10
-0.39275547632 -0.39275547632 -0.6702433
0.0007924021550000001 0.0007924021550000001 -0.01952102
0.0006249215100000001 0.0006249215100000001 -0.0005869493
0.00010800509084295 0.00010800509084295 -1.79708e-05
6.25726840117e-06 6.25726840117e-06 -1.4901161e-08
-4.02696569751e-06 -4.02696569751e-06 3.7252903e-09
0.0001155220777148 0.0001155220777148 0.0
-0.000209598243872 -0.000209598243872 0.0
0.00013806266077905001 0.00013806266077905001 0.0
3.6771389315300003e-07 3.6771389315300003e-07 0.0
-7.994068550995e-08 -7.994068550995e-08 0.0
-0.568050108165 -0.568050108165 -0.9958779
-0.008525969935 -0.008525969935 -0.042374074
0.000490994755 0.000490994755 -0.0019211844
0.00018918011422010001 0.00018918011422010001 -9.930041e-05
2.2983753417825e-05 2.2983753417825e-05 -3.222376e-07
4.637095508080001e-06 4.637095508080001e-06 9.313226e-10
5.92845272404e-06 5.92845272404e-06 9.313226e-10
1.9091700429330002e-05 1.9091700429330002e-05 0.0
-0.00011348693924320001 -0.00011348693924320001 0.0
1.9271446990250002e-05 1.9271446990250002e-05 0.0
-3.2190653735400004e-07 -3.2190653735400004e-07 0.0
-0.47653008785 -0.47653008785 -0.24115705
-0.007603500510000001 -0.007603500510000001 -0.017242573
-0.000878833615 -0.000878833615 -0.00084574334
-0.00019720470055915003 -0.00019720470055915003 -3.4527853e-05
-1.8453267177405e-05 -1.8453267177405e-05 -4.284084e-08
2.1048002014740004e-05 2.1048002014740004e-05 0.0
-1.619565730462e-05 -1.619565730462e-05 1.8626451e-09
-2.4748218802465e-05 -2.4748218802465e-05 -1.8626451e-09
6.346903995115001e-07 6.346903995115001e-07 0.0
7.01432087668e-07 7.01432087668e-07 1.8626451e-09
8.00239566556e-07 8.00239566556e-07 1.8626451e-09
-7.78049601951 -7.78049601951 -9.212393
-3.9927774079450002 -3.9927774079450002 -5.258055
-0.9389760747750001 -0.9389760747750001 -1.6044928
-0.18921571547500002 -0.18921571547500002 -0.4576936
-0.032526925675 -0.032526925675 -0.12550679
-0.0038823793600000003 -0.0038823793600000003 -0.033858057
0.0006868308000000001 0.0006868308000000001 -0.004745054
0.00044985317000000003 0.00044985317000000003 -0.00067743566
0.00020755681338965003 0.00020755681338965003 -9.8918565e-05
-1.7892611054850003 -1.7892611054850003 -2.1445444
-0.17088397563000002 -0.17088397563000002 -0.37573346
-0.013812361675 -0.013812361675 -0.061563574
-0.0008427592450000001 -0.0008427592450000001 -0.010076927
5.0005245169700005e-05 5.0005245169700005e-05 -0.00028890464
1.4132753304105002e-05 1.4132753304105002e-05 -8.730218e-06
2.0919292417045e-06 2.0919292417045e-06 -2.6170164e-07
2.8953305115000003e-07 2.8953305115000003e-07 -8.381903e-09
-1.5218035970245e-05 -1.5218035970245e-05 0.0
-1.1894322183720002e-05 -1.1894322183720002e-05 0.0
0.000208941291262 0.000208941291262 0.0
-0.43730412016000003 -0.43730412016000003 -1.2339009
-0.01579196242 -0.01579196242 -0.12402279
-0.001173467225 -0.001173467225 -0.0117263105
-0.00026207059446455 -0.00026207059446455 -0.0010789465
-3.863641612835e-05 -3.863641612835e-05 -8.856878e-06
-8.09571155413e-06 -8.09571155413e-06 -7.264316e-08
-7.111941981385e-07 -7.111941981385e-07 0.0
6.525946239405e-05 6.525946239405e-05 -1.8626451e-09
-3.5557618564900004e-05 -3.5557618564900004e-05 0.0
7.0146066361e-06 7.0146066361e-06 -1.8626451e-09
-1.2411963663320001e-07 -1.2411963663320001e-07 0.0
-7.50388546932 -7.50388546932 -3.9315784
-0.06383764098500001 -0.06383764098500001 -0.103852704
1.7380857180235e-05 1.7380857180235e-05 -0.002585194
8.215428184205e-05 8.215428184205e-05 -7.244572e-05
2.2342231317660004e-05 2.2342231317660004e-05 -2.24635e-06
2.4470393249640003e-05 2.4470393249640003e-05 3.7252903e-09
-1.4503849613155001e-05 -1.4503849613155001e-05 3.7252903e-09
-5.480833198165e-06 -5.480833198165e-06 4.656613e-09
-5.701589675260001e-05 -5.701589675260001e-05 6.519258e-09
0.0006332706000000001 0.0006332706000000001 3.7252903e-09
-1.3414758606755e-07 -1.3414758606755e-07 3.7252903e-09
-1.2335274514895e-07 -1.2335274514895e-07 3.7252903e-09
-0.5162881393700001 -0.5162881393700001 -1.1622487
-0.02125583796 -0.02125583796 -0.091641605
-0.0009963509950000002 -0.0009963509950000002 -0.006960203
-9.713643766755e-05 -9.713643766755e-05 -0.000545349
-1.3897006088425e-05 -1.3897006088425e-05 -3.918074e-06
-2.3150012128870002e-06 -2.3150012128870002e-06 -3.0733645e-08
-2.3744062904850003e-06 -2.3744062904850003e-06 9.313226e-10
-1.844214401036e-05 -1.844214401036e-05 0.0
-1.0750212748365e-05 -1.0750212748365e-05 -2.6077032e-08
-1.250413394122e-05 -1.250413394122e-05 -1.6831793e-05
2.1908476505930003e-06 2.1908476505930003e-06 -0.009900678
-7.8353261213500005 -7.8353261213500005 -9.846261
-1.23387861474 -1.23387861474 -2.7392235
-0.18537224602500002 -0.18537224602500002 -0.69847065
-0.02914788092 -0.02914788092 -0.1687292
-0.005082154095 -0.005082154095 -0.039360233
-0.000296077635 -0.000296077635 -0.0020201989
-4.3271320761700004e-05 -4.3271320761700004e-05 -0.00010084361
-1.169570310872e-05 -1.169570310872e-05 -5.0999224e-06
-2.7804468230600002e-06 -2.7804468230600002e-06 -2.682209e-07
-1.6889099244895002e-06 -1.6889099244895002e-06 -7.450581e-09
-2.1832483850145e-06 -2.1832483850145e-06 0.0
1.2333558435584999e-05 1.2333558435584999e-05 0.0
-3.7081782226500004 -3.7081782226500004 -4.9018865
-0.471047965085 -0.471047965085 -1.0237359
-0.052309017975 -0.052309017975 -0.20525366
-0.003747980015 -0.003747980015 -0.04096414
0.00071576381 0.00071576381 -0.0016915519
0.00021896894795310002 0.00021896894795310002 -7.3499046e-05
6.990473223885001e-05 6.990473223885001e-05 -3.294088e-06
2.419242064256e-05 2.419242064256e-05 -1.4994293e-07
6.1240445450300005e-06 6.1240445450300005e-06 -9.313226e-10
6.73552885105e-07 6.73552885105e-07 9.313226e-10
9.96218701306e-06 9.96218701306e-06 9.313226e-10
-0.12242451826500002 -0.12242451826500002 -0.3915454
-0.00031298585500000005 -0.00031298585500000005 -0.015782567
0.0001072124941384 0.0001072124941384 -0.0006099902
2.2543798855415003e-05 2.2543798855415003e-05 -2.2867694e-05
5.575797848225001e-06 5.575797848225001e-06 -2.7939677e-08
-5.5316085565700005e-06 -5.5316085565700005e-06 0.0
-1.166566082497e-05 -1.166566082497e-05 0.0
-1.3172147021325e-05 -1.3172147021325e-05 0.0
-1.0374552427645e-06 -1.0374552427645e-06 0.0
3.3772644034500006e-07 3.3772644034500006e-07 -1.3411045e-07
8.00329017341e-08 8.00329017341e-08 -0.012282858
-2.096384849105 -2.096384849105 0.9170294
-0.09186309440000001 -0.09186309440000001 0.14675674
0.009585359185000001 0.009585359185000001 0.013264375
0.0018473018 0.0018473018 -0.00043545663
0.000303008955 0.000303008955 -0.00010111183
6.93287440102e-05 6.93287440102e-05 -2.7269125e-06
1.8763313128780002e-05 1.8763313128780002e-05 -2.9802322e-08
-1.8218720602875003e-05 -1.8218720602875003e-05 -5.5879354e-09
-6.281520958575001e-06 -6.281520958575001e-06 -9.313226e-09
-2.5837034813995e-05 -2.5837034813995e-05 0.0
-0.366809208865 -0.366809208865 -0.48371616
-0.004640124915 -0.004640124915 -0.011523083
-0.00032041602000000005 -0.00032041602000000005 -0.00020541623
-5.971633403615e-05 -5.971633403615e-05 -3.2186508e-06
-1.1437854407785002e-06 -1.1437854407785002e-06 0.0
1.6127970365575e-06 1.6127970365575e-06 0.0
-6.408283301685e-05 -6.408283301685e-05 0.0
-8.368124008585e-05 -8.368124008585e-05 0.0
-1.4386224797695e-07 -1.4386224797695e-07 0.0
-4.0290804064850004e-08 -4.0290804064850004e-08 0.0
-3.335004486725e-08 -3.335004486725e-08 0.0
-0.45306749088500003 -0.45306749088500003 -0.67905927
-0.012523162410000002 -0.012523162410000002 -0.050430555
0.0010673445150000001 0.0010673445150000001 -0.004076328
0.00058333359 0.00058333359 -0.0003673453
9.781853022770001e-05 9.781853022770001e-05 -3.6023557e-06
1.665496973104e-05 1.665496973104e-05 -3.678724e-08
6.386449748705e-06 6.386449748705e-06 -2.3283064e-10
-1.1098720121830001e-05 -1.1098720121830001e-05 0.0
8.407007348525e-06 8.407007348525e-06 -2.2584572e-08
-3.1638179222200006e-05 -3.1638179222200006e-05 -5.936809e-05
0.019373748285 0.019373748285 -0.074367605
-0.8889768404250001 -0.8889768404250001 -1.4349512
-0.021285873679999998 -0.021285873679999998 -0.10002862
0.0009838273600000001 0.0009838273600000001 -0.0071761757
0.00050456859 0.00050456859 -0.0005568713
6.674896472975e-05 6.674896472975e-05 -3.8817525e-06
2.3894190753935004e-06 2.3894190753935004e-06 -3.7252903e-08
1.6934100787485002e-06 1.6934100787485002e-06 7.450581e-09
-2.798002465105e-06 -2.798002465105e-06 0.0
-3.52501184296e-05 -3.52501184296e-05 0.0
-3.27084937028e-06 -3.27084937028e-06 0.0
-1.6568344535395002e-07 -1.6568344535395002e-07 7.450581e-09
-5.710205463550001 -5.710205463550001 -4.7335577
-2.86373503446 -2.86373503446 -3.2362688
-0.7197004584450001 -0.7197004584450001 -1.4214902
-0.18888490247500003 -0.18888490247500003 -0.5801551
-0.054030610835000006 -0.054030610835000006 -0.22321774
-0.017583603620000002 -0.017583603620000002 -0.08206679
-0.00428360827 -0.00428360827 -0.017207474
-0.00134147297 -0.00134147297 -0.0034365468
-0.00048613758 -0.00048613758 -0.0006669434
-7.490501379205 -7.490501379205 -8.613251
-0.578230851985 -0.578230851985 -1.6804631
-0.039980037545 -0.039980037545 -0.28557333
-0.0033109917950000004 -0.0033109917950000004 -0.0448895
-0.00052520502 -0.00052520502 -0.006753536
-6.103262793605001e-05 -6.103262793605001e-05 -0.00014341809
-3.124278968675e-05 -3.124278968675e-05 -2.904795e-06
-4.48793922527e-06 -4.48793922527e-06 -5.7742e-08
7.47765037061e-06 7.47765037061e-06 1.8626451e-09
3.9163381021e-05 3.9163381021e-05 0.0
7.305711784140001e-05 7.305711784140001e-05 -9.313226e-10
-6.22962477422e-05 -6.22962477422e-05 -9.313226e-10
-4.070190380465 -4.070190380465 -4.970203
-0.10025902332000002 -0.10025902332000002 -0.3695671
-0.000743357815 -0.000743357815 -0.021187335
0.0001266957824842 0.0001266957824842 -0.0011516958
-0.00013008495720585 -0.00013008495720585 -3.2894313e-06
-3.1279606810700004e-06 -3.1279606810700004e-06 -3.7252903e-09
-1.748347776204e-05 -1.748347776204e-05 0.0
-8.763697224015e-06 -8.763697224015e-06 0.0
1.72612436798 1.72612436798 0.0
-1.3124585091135002e-06 -1.3124585091135002e-06 0.0
3.3670289179550004e-07 3.3670289179550004e-07 0.0
-0.283171123335 -0.283171123335 0.1247879
0.0005249162150000001 0.0005249162150000001 -0.0036258958
0.00041372629 0.00041372629 -0.00021450967
8.78169699564e-05 8.78169699564e-05 -6.765127e-06
1.0552265748855e-05 1.0552265748855e-05 -3.7252903e-09
2.1387050079275e-05 2.1387050079275e-05 0.0
7.442570697540001e-05 7.442570697540001e-05 0.0
-2.53023094947e-05 -2.53023094947e-05 0.0
0.006045633830000001 0.006045633830000001 0.0
-8.3822784204e-08 -8.3822784204e-08 -1.0505319e-06
2.7926596776250003e-07 2.7926596776250003e-07 -0.0040635616
-7.5038023459900005 -7.5038023459900005 -6.060115
-0.46792627184 -0.46792627184 -0.6761868
-0.021634960160000005 -0.021634960160000005 -0.054362413
-0.00097889142 -0.00097889142 -0.0038858792
-5.36795725583e-05 -5.36795725583e-05 -0.00027491618
8.813659622600001e-07 8.813659622600001e-07 -1.5841797e-06
1.0621060885195e-06 1.0621060885195e-06 -4.656613e-09
4.625378347915001e-07 4.625378347915001e-07 9.313226e-10
1.0081094884115002e-05 1.0081094884115002e-05 1.8626451e-09
8.047318049325001e-05 8.047318049325001e-05 -2.3283064e-08
-4.7008643609650006e-05 -4.7008643609650006e-05 -1.9376166e-05
0.057201112125 0.057201112125 -0.008256898
