-3.4890571700000024 -3.4890571700000024 8.222867
-2.7315021700000024 -2.7315021700000024 3.76154
-1.6630869100000005 -1.6630869100000005 0.3138268
-0.97326435 -0.97326435 -0.37554115
-0.5672728 -0.5672728 -0.3810777
-0.33817792999999996 -0.33817792999999996 -0.2743735
-0.1659928 -0.1659928 -0.14730239
-0.08794111 -0.08794111 -0.07958122
-0.04976839 -0.04976839 -0.04516804
-3.9382198200000005 -3.9382198200000005 -8.241148
-1.4050046399999996 -1.4050046399999996 -3.1384208
-0.5792303700000001 -0.5792303700000001 -1.2381496
-0.26514856 -0.26514856 -0.50950897
-0.07558597 -0.07558597 -0.10869955
-0.028921859999999997 -0.028921859999999997 -0.03529748
-0.01313162 -0.01313162 -0.015758073
-0.00664107 -0.00664107 -0.008386562
-0.00273605 -0.00273605 -0.0031402004
-0.00126137 -0.00126137 -0.0022545024
-0.0006422 -0.0006422 -0.0014839176
-1.37691375 -1.37691375 -1.1804572
-0.2256029 -0.2256029 -0.20149946
-0.05396339 -0.05396339 -0.051388204
-0.01728308 -0.01728308 -0.01705653
-0.00301589 -0.00301589 -0.0029258805
-0.00078242 -0.00078242 -0.0008888245
-0.00026398 -0.00026398 -0.0022735596
-0.00010569 -0.00010569 -0.0037193298
-3.345e-05 -3.345e-05 -0.0077667236
-1.278e-05 -1.278e-05 -0.0018196105
-5.59e-06 -5.59e-06 -0.0005836487
-2.3976745600000022 -2.3976745600000022 -0.67018235
-1.1842323199999996 -1.1842323199999996 -0.4332264
-0.6230223199999998 -0.6230223199999998 -0.30862463
-0.20103173000000002 -0.20103173000000002 -0.1549119
-0.08019317 -0.08019317 -0.07694347
-0.03796341 -0.03796341 -0.039823912
-0.02016107 -0.02016107 -0.021918895
-0.00894813 -0.00894813 -0.009909104
-0.00443121 -0.00443121 -0.004314434
-0.00234277 -0.00234277 -0.0026779224
-1.1673750099999998 -1.1673750099999998 -0.61668396
-0.25862676 -0.25862676 -0.19102666
-0.08025021 -0.08025021 -0.07904089
-0.03087251 -0.03087251 -0.032891706
-0.006663280000000001 -0.006663280000000001 -0.007581147
-0.0019744100000000002 -0.0019744100000000002 -0.0013160765
-0.00071979 -0.00071979 -0.0021629333
-0.00030382 -0.00030382 -0.016357422
-0.00010148 -0.00010148 -0.00062942505
-4.231e-05 -4.231e-05 -0.00045394897
-1.805e-05 -1.805e-05 -0.0021400452
-0.44122722999999997 -0.44122722999999997 -0.41465554
-0.09407367999999999 -0.09407367999999999 -0.10391992
-0.03147946 -0.03147946 -0.036563665
-0.0132702 -0.0132702 -0.015952272
-0.00344224 -0.00344224 -0.007839711
-0.0012069000000000001 -0.0012069000000000001 -0.009178164
-0.00049823 -0.00049823 -0.017910004
-0.00023438 -0.00023438 -0.010009766
-8.903e-05 -8.903e-05 -0.0013313293
-3.895e-05 -3.895e-05 -0.0067710876
-1.893e-05 -1.893e-05 -0.0134887695
-0.6593213800000006 -0.6593213800000006 -0.6666383
-0.21473669 -0.21473669 -0.2801292
-0.09846496 -0.09846496 -0.13463274
-0.0548989 -0.0548989 -0.072345264
-0.02185136 -0.02185136 -0.026928326
-0.01015227 -0.01015227 -0.012287678
-0.00518802 -0.00518802 -0.0054658973
-0.00284788 -0.00284788 -0.0033952803
-0.0012844 -0.0012844 -0.017711643
-0.00063775 -0.00063775 -0.02098465
-0.00034132 -0.00034132 -0.018444061
-0.30303700999999994 -0.30303700999999994 -0.32294968
-0.07800544999999999 -0.07800544999999999 -0.09164064
-0.028515989999999998 -0.028515989999999998 -0.034489434
-0.01222881 -0.01222881 -0.015139401
-0.0030310199999999997 -0.0030310199999999997 -0.003929172
-0.0009829 -0.0009829 -0.00091171265
-0.00038195 -0.00038195 -0.004840851
-0.00016906 -0.00016906 -0.0058174133
-5.857e-05 -5.857e-05 -0.00020217901
-2.445e-05 -2.445e-05 -0.014026642
-1.128e-05 -1.128e-05 -0.008468628
-2.6139722900000004 -2.6139722900000004 -1.7056955
-0.51142289 -0.51142289 -0.42728585
-0.1506884 -0.1506884 -0.13989829
-0.05671502 -0.05671502 -0.053556353
-0.01199017 -0.01199017 -0.010780869
-0.00350676 -0.00350676 -0.0029640226
-0.00127888 -0.00127888 -0.00061035156
-0.00053897 -0.00053897 0.0005912782
-0.00016251 -0.00016251 -0.0017318726
-7.113e-05 -7.113e-05 -0.0024719238
-3.201e-05 -3.201e-05 -0.0022087097
-4.71786878 -4.71786878 -6.7258916
-2.3691511499999987 -2.3691511499999987 -4.0741396
-1.28672058 -1.28672058 -2.4476042
-0.7514763899999999 -0.7514763899999999 -1.4807582
-0.4682112399999999 -0.4682112399999999 -0.9107898
-0.21367601000000003 -0.21367601000000003 -0.36945355
-0.11356609000000001 -0.11356609000000001 -0.16860744
-0.06612694000000001 -0.06612694000000001 -0.08718248
-0.04077722 -0.04077722 -0.050204247
-0.0212761 -0.0212761 -0.025079863
-0.01187168 -0.01187168 -0.013783559
-0.00698555 -0.00698555 -0.0073917704
-0.6041996699999999 -0.6041996699999999 -1.5677162
-0.11937365000000001 -0.11937365000000001 -0.26348248
-0.03679829 -0.03679829 -0.061288323
-0.014775749999999999 -0.014775749999999999 -0.02156487
-0.0035362699999999998 -0.0035362699999999998 -0.005229487
-0.00114313 -0.00114313 -0.0012322114
-0.00044624000000000004 -0.00044624000000000004 0.0007705685
-0.00019859 -0.00019859 -0.00045776364
-7.035e-05 -7.035e-05 -0.008396149
-2.906e-05 -2.906e-05 -0.005443573
-1.362e-05 -1.362e-05 -0.008178711
-1.3860359500000001 -1.3860359500000001 -9.318022
-0.6192448200000005 -0.6192448200000005 -2.7446525
-0.29047811 -0.29047811 -0.8568185
-0.14406276 -0.14406276 -0.2952072
-0.044729920000000006 -0.044729920000000006 -0.056135707
-0.01731582 -0.01731582 -0.019210814
-0.0076862599999999994 -0.0076862599999999994 -0.0071094106
-0.0037613200000000003 -0.0037613200000000003 -0.0046292045
-0.00147683 -0.00147683 -0.0019340742
-0.00065702 -0.00065702 -0.0042762756
-0.00032158 -0.00032158 -0.013271332
-4.87381536 -4.87381536 -4.1355696
-1.6713514100000002 -1.6713514100000002 -1.9133652
-0.683396 -0.683396 -0.9259304
-0.3291629 -0.3291629 -0.47443902
-0.1812281 -0.1812281 -0.25947902
-0.07102223 -0.07102223 -0.09478007
-0.03361431 -0.03361431 -0.043126103
-0.01769815 -0.01769815 -0.022509465
-0.010000779999999999 -0.010000779999999999 -0.01171248
-0.004719040000000001 -0.004719040000000001 -0.00649764
-0.0024323699999999997 -0.0024323699999999997 -0.015022326
-0.0013427 -0.0013427 -0.020515444
-0.55087017 -0.55087017 -0.33851343
-0.10589709 -0.10589709 -0.08695833
-0.033787 -0.033787 -0.03069998
-0.01345052 -0.01345052 -0.012877987
-0.00310575 -0.00310575 -0.0031204652
-0.00098006 -0.00098006 -0.0006179811
-0.00037693 -0.00037693 0.00060272217
-0.00016633 -0.00016633 -0.015335083
-5.856e-05 -5.856e-05 -0.0056037903
-2.416e-05 -2.416e-05 -0.010520935
-1.12e-05 -1.12e-05 -0.006157033
-0.7706330199999998 -0.7706330199999998 -0.85228384
-0.11987079000000002 -0.11987079000000002 -0.13480033
-0.03098771 -0.03098771 -0.036526203
-0.01084945 -0.01084945 -0.013177144
-0.0022104299999999998 -0.0022104299999999998 -0.0028000304
-0.00064795 -0.00064795 -0.0025367737
-0.00023988 -0.00023988 -0.0017929077
-0.00010332 -0.00010332 -0.009853363
-3.353e-05 -3.353e-05 -0.01599884
-1.447e-05 -1.447e-05 -0.00076675846
-6.65e-06 -6.65e-06 -0.0042428337
-4.27507516 -4.27507516 -5.8307433
-2.734057830000001 -2.734057830000001 -3.4877443
-1.8168846900000002 -1.8168846900000002 -2.1518514
-0.8573970000000001 -0.8573970000000001 -0.8994943
-0.43598085 -0.43598085 -0.42724413
-0.23831599999999997 -0.23831599999999997 -0.2280603
-0.13904342 -0.13904342 -0.13311757
-0.06852725 -0.06852725 -0.06682343
-0.037066379999999996 -0.037066379999999996 -0.037032586
-0.02150449 -0.02150449 -0.02199521
-1.7898200399999986 -1.7898200399999986 -1.805989
-0.6228924899999999 -0.6228924899999999 -0.6600618
-0.20527442 -0.20527442 -0.21361348
-0.07525272 -0.07525272 -0.077468075
-0.01468352 -0.01468352 -0.014994249
-0.00407403 -0.00407403 -0.004203935
-0.0014225000000000002 -0.0014225000000000002 -0.00092315744
-0.00058262 -0.00058262 0.00075531006
-0.00018868 -0.00018868 -0.0015182495
-7.322e-05 -7.322e-05 -0.0024795532
-3.2349999999999994e-05 -3.2349999999999994e-05 -0.0038871765
-2.3289960900000004 -2.3289960900000004 -0.8915343
-0.83940241 -0.83940241 -0.4144338
-0.31001212 -0.31001212 -0.22572736
-0.13034983 -0.13034983 -0.11468348
-0.031992320000000005 -0.031992320000000005 -0.030884337
-0.01037091 -0.01037091 -0.010108766
-0.00401186 -0.00401186 -0.0027732863
-0.00176348 -0.00176348 -0.0017623901
-0.00061326 -0.00061326 -0.020954132
-0.0002493 -0.0002493 -0.005077362
-0.00011386 -0.00011386 -0.0007286081
-0.8487737099999997 -0.8487737099999997 -0.90433466
-0.28536706 -0.28536706 -0.23951797
-0.09231465 -0.09231465 -0.07722767
-0.01518805 -0.01518805 -0.0143930325
-0.003997280000000001 -0.003997280000000001 -0.004342152
-0.00138267 -0.00138267 -0.0012512351
-0.0005694900000000001 -0.0005694900000000001 -0.0012702944
-0.00018691 -0.00018691 -0.009277344
-7.358e-05 -7.358e-05 -0.005531311
-2.8120000000000002e-05 -2.8120000000000002e-05 -0.0010986328
-0.63209677 -0.63209677 -0.4299426
-0.08518361 -0.08518361 -0.09966949
-0.02439211 -0.02439211 -0.027625049
-0.009680840000000001 -0.009680840000000001 -0.010583948
-0.00227111 -0.00227111 -0.0025456198
-0.00072753 -0.00072753 -0.0019569441
-0.00028052 -0.00028052 -0.007396698
-0.00012427 -0.00012427 -0.016456604
-4.391e-05 -4.391e-05 -0.0020980835
-1.815e-05 -1.815e-05 -0.0025138855
-8.42e-06 -8.42e-06 -0.019649506
-1.3180312800000014 -1.3180312800000014 -0.74314475
-0.27264785999999985 -0.27264785999999985 -0.14507031
-0.06463033000000001 -0.06463033000000001 -0.043476872
-0.02168393 -0.02168393 -0.01766515
-0.00489836 -0.00489836 -0.0055585625
-0.00162763 -0.00162763 -0.0022972233
-0.000654 -0.000654 -0.0005722198
-0.00029868 -0.00029868 0.0004577634
-0.00010947 -0.00010947 -0.009353638
-4.662e-05 -4.662e-05 -0.0054740906
-2.218e-05 -2.218e-05 -0.0040016174
-1.2737925899999998 -1.2737925899999998 -0.17225182
-0.30085708 -0.30085708 -0.22655651
-0.08869359 -0.08869359 -0.08850337
-0.03290831 -0.03290831 -0.03634312
-0.00701519 -0.00701519 -0.009392027
-0.0021417 -0.0021417 -0.0030822775
-0.00080791 -0.00080791 -0.004295349
-0.00035279 -0.00035279 -0.0043563843
-0.0001233 -0.0001233 -0.0047836304
-4.5900000000000004e-05 -4.5900000000000004e-05 -0.0046920776
-2.352e-05 -2.352e-05 -0.003692627
-0.3171229200000001 -0.3171229200000001 -0.5585344
-0.07438677 -0.07438677 -0.09104347
-0.025440340000000002 -0.025440340000000002 -0.027862918
-0.01027159 -0.01027159 -0.0110623175
-0.0023185600000000003 -0.0023185600000000003 -0.002552044
-0.00070363 -0.00070363 -0.00067520136
-0.00026006 -0.00026006 -0.016551971
-0.00011074 -0.00011074 -0.007881165
-3.727e-05 -3.727e-05 -0.0027542114
-1.483e-05 -1.483e-05 -0.001499176
-6.67e-06 -6.67e-06 -0.00982798
-0.9335941700000001 -0.9335941700000001 -0.81137913
-0.19833230000000002 -0.19833230000000002 -0.17261578
-0.05999686 -0.05999686 -0.056354225
-0.023010899999999997 -0.023010899999999997 -0.022273172
-0.0050292 -0.0050292 -0.004810564
-0.00151563 -0.00151563 -0.00065231393
-0.00055897 -0.00055897 -0.0023765564
-0.00023817 -0.00023817 -0.0132751465
-8.034e-05 -8.034e-05 -0.002319336
-3.213e-05 -3.213e-05 -0.0008201599
-1.445e-05 -1.445e-05 -0.0016860962
-3.3139536199999995 -3.3139536199999995 -1.0293298
-0.37551504999999996 -0.37551504999999996 -0.27634
-0.08353606999999999 -0.08353606999999999 -0.10259427
-0.03392896 -0.03392896 -0.04642112
-0.017023029999999998 -0.017023029999999998 -0.023512669
-0.00544506 -0.00544506 -0.0075550186
-0.00212173 -0.00212173 -0.014194519
-0.0009479 -0.0009479 -0.0246315
-0.00046851 -0.00046851 -0.015457153
-0.00018743 -0.00018743 -0.0033607506
-8.506e-05 -8.506e-05 -0.0029947972
-4.316e-05 -4.316e-05 -0.005251327
-0.36356434999999987 -0.36356434999999987 -1.1142373
-0.08302189 -0.08302189 -0.17006493
-0.0271582 -0.0271582 -0.036259692
-0.01099262 -0.01099262 -0.013016655
-0.0025732 -0.0025732 -0.0031330965
-0.0008119199999999999 -0.0008119199999999999 -0.0006752044
-0.0003106 -0.0003106 0.00052642816
-0.00013611 -0.00013611 -0.005290985
-4.74e-05 -4.74e-05 -0.00504303
-1.933e-05 -1.933e-05 -0.0054893494
-8.89e-06 -8.89e-06 -0.00034332275
-4.0831200199999955 -4.0831200199999955 -5.4955654
-0.52284876 -0.52284876 -0.77341664
-0.13056030999999998 -0.13056030999999998 -0.16490306
-0.04595073 -0.04595073 -0.054087814
-0.01936178 -0.01936178 -0.022674
-0.00472122 -0.00472122 -0.0058484315
-0.0015496 -0.0015496 -0.0015182511
-0.0005886 -0.0005886 -0.0012741089
-0.00026006 -0.00026006 -0.0009384155
-9.136e-05 -9.136e-05 -0.007385254
-3.759e-05 -3.759e-05 -0.008598328
-1.733e-05 -1.733e-05 -0.0023002625
-1.207914240000001 -1.207914240000001 0.4008615
-0.6486397800000001 -0.6486397800000001 -0.26034337
-0.32979261 -0.32979261 -0.24340674
-0.09747928 -0.09747928 -0.093387805
-0.03616763 -0.03616763 -0.035760146
-0.01584609 -0.01584609 -0.015794577
-0.00778096 -0.00778096 -0.00785372
-0.00311632 -0.00311632 -0.0022659895
-0.00142015 -0.00142015 -0.0015220651
-0.00071315 -0.00071315 -0.00077438354
-1.5081653 -1.5081653 -1.2765201
-0.26948102 -0.26948102 -0.2024521
-0.06746106 -0.06746106 -0.05535916
-0.022774739999999998 -0.022774739999999998 -0.020254564
-0.004344519999999999 -0.004344519999999999 -0.0042457916
-0.00123044 -0.00123044 -0.0007171631
-0.00043867 -0.00043867 -0.00075531006
-0.00018304 -0.00018304 -0.0077323914
-6.059e-05 -6.059e-05 -0.008491516
-2.39e-05 -2.39e-05 -0.011112213
-1.07e-05 -1.07e-05 -0.00070190476
-2.46930669 -2.46930669 1.394953
-1.2252220300000003 -1.2252220300000003 0.34849668
-0.6826356299999998 -0.6826356299999998 -0.06520054
-0.39218926000000004 -0.39218926000000004 -0.15647797
-0.14295626 -0.14295626 -0.10420783
-0.05984896 -0.05984896 -0.05103336
-0.028096939999999997 -0.028096939999999997 -0.025662206
-0.0144008 -0.0144008 -0.013843551
-0.00596271 -0.00596271 -0.006145533
-0.00279605 -0.00279605 -0.0026550312
-0.00141781 -0.00141781 -0.0051498413
-1.6867032400000004 -1.6867032400000004 -2.3798046
-0.30574261 -0.30574261 -0.28404772
-0.07294211 -0.07294211 -0.066630885
-0.02300948 -0.02300948 -0.022051856
-0.00382571 -0.00382571 -0.00393684
-0.00095723 -0.00095723 -0.0005607605
-0.00031049 -0.00031049 0.00092697167
-0.00012012 -0.00012012 -0.0019226072
-3.586e-05 -3.586e-05 -0.003982544
-1.346e-05 -1.346e-05 -0.004558563
-5.73e-06 -5.73e-06 -0.006454468
-0.49192707999999974 -0.49192707999999974 -0.78141314
-0.08307942000000001 -0.08307942000000001 -0.122805156
-0.02613755 -0.02613755 -0.032978423
-0.01083769 -0.01083769 -0.013351211
-0.00269879 -0.00269879 -0.0034222668
-0.00089235 -0.00089235 -0.0007400525
-0.00035271 -0.00035271 0.00059890747
-0.00015822 -0.00015822 -0.008468628
-5.645e-05 -5.645e-05 -0.0031166077
-2.342e-05 -2.342e-05 -0.014144897
-1.089e-05 -1.089e-05 -0.0023269653
-1.0713145700000002 -1.0713145700000002 -1.2606218
-0.18251295 -0.18251295 -0.20216243
-0.047069860000000005 -0.047069860000000005 -0.05285456
-0.01624491 -0.01624491 -0.018570362
-0.0031765499999999998 -0.0031765499999999998 -0.003818526
-0.00091429 -0.00091429 -0.00065612805
-0.00033068 -0.00033068 -0.004753113
-0.0001397 -0.0001397 -0.003780365
-4.697e-05 -4.697e-05 -0.002040863
-1.876e-05 -1.876e-05 -0.0041656494
-8.49e-06 -8.49e-06 -0.0011482239
-1.328074810000004 -1.328074810000004 -3.2004864
-0.9295612900000023 -0.9295612900000023 -2.1859798
-0.48204670999999966 -0.48204670999999966 -0.9855556
-0.24626936999999993 -0.24626936999999993 -0.44740653
-0.13205980999999997 -0.13205980999999997 -0.21801233
-0.07662527999999999 -0.07662527999999999 -0.117720634
-0.038518210000000004 -0.038518210000000004 -0.056448556
-0.02132716 -0.02132716 -0.03188798
-0.01258532 -0.01258532 -0.018814772
-0.7072586099999993 -0.7072586099999993 -0.34961116
-0.16594442999999998 -0.16594442999999998 -0.14907272
-0.05604380999999999 -0.05604380999999999 -0.07043939
-0.02667726 -0.02667726 -0.036918003
-0.009036919999999999 -0.009036919999999999 -0.012862782
-0.00373589 -0.00373589 -0.005448979
-0.00173557 -0.00173557 -0.0021973075
-0.0008813800000000001 -0.0008813800000000001 -0.0014038096
-0.00036224 -0.00036224 -0.009025574
-0.00016733 -0.00016733 -0.020812988
-8.453e-05 -8.453e-05 -0.00038528442
-0.4783841 -0.4783841 -0.34507617
-0.10509952 -0.10509952 -0.096281454
-0.03960274 -0.03960274 -0.037282005
-0.01802086 -0.01802086 -0.017245356
-0.00485197 -0.00485197 -0.0049760253
-0.0016286699999999998 -0.0016286699999999998 -0.0011978295
-0.00065529 -0.00065529 -0.00083160406
-0.00029496 -0.00029496 -0.0004081726
-0.00010549 -0.00010549 -0.00598526
-4.387e-05 -4.387e-05 -0.0036087036
-2.041e-05 -2.041e-05 -0.0035247803
-4.023492369999998 -4.023492369999998 -1.059906
-0.13916339 -0.13916339 -0.10106919
-0.02433137 -0.02433137 -0.02459962
-0.00840488 -0.00840488 -0.009401774
-0.0036452900000000002 -0.0036452900000000002 -0.003568432
-0.00093538 -0.00093538 -0.0013771082
-0.00031602 -0.00031602 -0.00058746303
-0.00012696 -0.00012696 -0.002807617
-5.77e-05 -5.77e-05 -0.007911682
-2.091e-05 -2.091e-05 -0.0073089595
-8.79e-06 -8.79e-06 -0.0066299434
-4.13e-06 -4.13e-06 -0.0030059812
-0.33793103 -0.33793103 -0.62891245
-0.08100727999999999 -0.08100727999999999 -0.15685868
-0.03061741 -0.03061741 -0.050496943
-0.014079880000000001 -0.014079880000000001 -0.0229258
-0.00391998 -0.00391998 -0.0081958715
-0.0013832699999999998 -0.0013832699999999998 -0.003707968
-0.00057237 -0.00057237 -0.015422822
-0.00026635 -0.00026635 -0.047462463
-9.915e-05 -9.915e-05 -0.0037117053
-4.254e-05 -4.254e-05 -0.007952969
-2.028e-05 -2.028e-05 -0.04415478
-4.804501760000001 -4.804501760000001 12.858191
-1.2616706400000002 -1.2616706400000002 2.8482292
-0.45242784000000014 -0.45242784000000014 0.47168875
-0.19626761 -0.19626761 0.004096195
-0.09749005 -0.09749005 -0.056220826
-0.03130662 -0.03130662 -0.030746516
-0.012411460000000001 -0.012411460000000001 -0.013275406
-0.00563708 -0.00563708 -0.006274961
-0.00280907 -0.00280907 -0.0028610954
-0.0011373899999999998 -0.0011373899999999998 -0.0014419577
-0.00051864 -0.00051864 -0.033657074
-0.00026038 -0.00026038 -0.033023834
-0.7402030800000006 -0.7402030800000006 -2.1393747
-0.26462530000000006 -0.26462530000000006 -0.82505023
-0.12748137999999998 -0.12748137999999998 -0.316145
-0.07117386 -0.07117386 -0.13364403
-0.02761131 -0.02761131 -0.036470316
-0.012324700000000001 -0.012324700000000001 -0.01468205
-0.006027060000000001 -0.006027060000000001 -0.00587017
-0.00317063 -0.00317063 -0.0034945714
-0.0013503699999999998 -0.0013503699999999998 -0.0074005155
-0.00063851 -0.00063851 -0.0382843
-0.00032774 -0.00032774 -0.021255493
-0.20507894999999993 -0.20507894999999993 -0.1739115
-0.036908619999999996 -0.036908619999999996 -0.03954994
-0.01143675 -0.01143675 -0.012632338
-0.00443858 -0.00443858 -0.005025141
-0.00097967 -0.00097967 -0.00013733032
-0.00029712 -0.00029712 -0.00258255
-0.00011052 -0.00011052 -0.0069084167
-4.743e-05 -4.743e-05 -0.0074691772
-1.615e-05 -1.615e-05 -0.0010871887
-6.49e-06 -6.49e-06 -0.0014763547
-2.95e-06 -2.95e-06 -0.021771373
-2.4046289200000004 -2.4046289200000004 -16.99089
-1.0885287599999998 -1.0885287599999998 -3.8469553
-0.41847596 -0.41847596 -1.0127215
-0.08073749 -0.08073749 -0.36840647
-0.022698529999999998 -0.022698529999999998 -0.07790967
-0.00813694 -0.00813694 -0.022887936
-0.0034294399999999997 -0.0034294399999999997 -0.009311821
-0.00115797 -0.00115797 -0.0101966895
-0.0004655 -0.0004655 -0.043251038
-0.00021203 -0.00021203 -0.031230927
-0.6229747199999998 -0.6229747199999998 0.9624691
-0.10172528 -0.10172528 -0.079429
-0.02569393 -0.02569393 -0.027068049
-0.00869167 -0.00869167 -0.009649443
-0.0016196399999999999 -0.0016196399999999999 -0.0020484936
-0.00044437 -0.00044437 -0.00046539312
-0.00015459 -0.00015459 -0.0014305115
-6.413000000000001e-05 -6.413000000000001e-05 -0.004169464
-2.047e-05 -2.047e-05 -0.0050315857
-7.94e-06 -7.94e-06 -0.0035209656
-3.51e-06 -3.51e-06 -0.0077438354
-0.3887788700000001 -0.3887788700000001 -0.71188045
-0.09882439 -0.09882439 -0.1690008
-0.040652789999999994 -0.040652789999999994 -0.0576026
-0.01994196 -0.01994196 -0.026227256
-0.0060617100000000005 -0.0060617100000000005 -0.007905538
-0.00224458 -0.00224458 -0.0049591847
-0.0009557 -0.0009557 -0.031044006
-0.0004523 -0.0004523 -0.05960083
-0.00017098 -0.00017098 -0.002212528
-7.4e-05 -7.4e-05 -0.010232393
-3.705e-05 -3.705e-05 -0.04704474
-0.6532394699999999 -0.6532394699999999 -0.9558442
-0.14183509 -0.14183509 -0.21454
-0.05157097 -0.05157097 -0.066513345
-0.0229891 -0.0229891 -0.027471537
-0.00604869 -0.00604869 -0.006932531
-0.00203375 -0.00203375 -0.0013923929
-0.00080317 -0.00080317 0.0014038081
-0.0003597 -0.0003597 -0.008861542
-0.00012778 -0.00012778 -0.006633759
-5.109e-05 -5.109e-05 -0.0006713867
-2.444e-05 -2.444e-05 -0.0017890935
-3.7883738299999976 -3.7883738299999976 -2.6820245
-2.7234953100000006 -2.7234953100000006 -1.8972812
-1.5290871800000003 -1.5290871800000003 -1.0662348
-0.88821241 -0.88821241 -0.6391351
-0.52648107 -0.52648107 -0.39525363
-0.32008795999999995 -0.32008795999999995 -0.24917251
-0.16028237 -0.16028237 -0.12978359
-0.08544365 -0.08544365 -0.07119214
-0.04810507 -0.04810507 -0.040994834
-4.135203730000001 -4.135203730000001 -1.2723726
-0.6032654099999999 -0.6032654099999999 -0.34231424
-0.15106343 -0.15106343 -0.12903292
-0.05692378000000001 -0.05692378000000001 -0.05620096
-0.026755490000000003 -0.026755490000000003 -0.027345797
-0.008141299999999999 -0.008141299999999999 -0.008477689
-0.0031351 -0.0031351 -0.0033156155
-0.0013998099999999998 -0.0013998099999999998 -0.0012283473
-0.00069352 -0.00069352 1.525844e-05
-0.00027854 -0.00027854 -0.0031776428
-0.0001269 -0.0001269 -0.008079529
-6.352e-05 -6.352e-05 -0.015125275
-1.794161110000001 -1.794161110000001 -1.2518002
-0.26127761 -0.26127761 -0.21099263
-0.0580636 -0.0580636 -0.054349434
-0.019070820000000002 -0.019070820000000002 -0.01914125
-0.00351978 -0.00351978 -0.0037576966
-0.00100446 -0.00100446 -0.00045013474
-0.00035106 -0.00035106 0.0010490417
-0.00014431 -0.00014431 -0.0008010864
-4.677e-05 -4.677e-05 -0.005382538
-1.812e-05 -1.812e-05 -0.004322052
-7.99e-06 -7.99e-06 -0.00049209595
-1.24687543 -1.24687543 -0.99319994
-0.19943117999999999 -0.19943117999999999 -0.18358491
-0.05039383 -0.05039383 -0.04666426
-0.01709196 -0.01709196 -0.015947742
-0.00324823 -0.00324823 -0.0031242527
-0.00091434 -0.00091434 -0.00090408325
-0.00032548 -0.00032548 -0.0041770935
-0.00013581 -0.00013581 -0.0070266724
-4.474e-05 -4.474e-05 -0.0008735657
-1.781e-05 -1.781e-05 -0.0020370781
-7.99e-06 -7.99e-06 -0.023854826
-3.8777444699999997 -3.8777444699999997 -3.2195854
-0.36683098999999997 -0.36683098999999997 -0.515041
-0.04901173 -0.04901173 -0.090110056
-0.014329129999999999 -0.014329129999999999 -0.024742251
-0.0065489499999999996 -0.0065489499999999996 -0.010209799
-0.0020460599999999997 -0.0020460599999999997 -0.0029053092
-0.00079916 -0.00079916 -0.00074773835
-0.00035683 -0.00035683 -0.0051574707
-0.00017562 -0.00017562 -0.03744507
-6.951e-05 -6.951e-05 -0.0018157985
-3.115e-05 -3.115e-05 -0.00854624
-1.534e-05 -1.534e-05 -0.054939322
