23.958448895 24.46109078808
3.83753582 4.25825890997
-8.07346501 -8.103083564305
-7.86799338 -8.07032564714
-5.825931990000001 -5.995582531985001
-4.1173091 -4.214438133495
-2.508901545 -2.5344829467200003
-1.619959755 -1.618795372005
-1.100898405 -1.0916702976000001
17.74501936 18.518433557685
-7.740919180000001 -7.7454339635450005
-7.129650269999999 -7.567594145745
-4.01522966 -4.403001280945
-0.790564305 -0.9379787786
0.0807898638399 0.024124065435
0.27772538999999996 0.248697205625
0.292454445 0.27407368707
0.24007084996005 0.228647627385
0.1831837757279 0.175327818165
0.13881469587155 0.13310631250500002
-8.819658365 -8.987350073945
-3.12844078 -3.1847985552700004
-1.298913615 -1.28293119881
-0.68667327 -0.6680055186650001
-0.273445825 -0.26354081119
-0.13844064298695 -0.13311240366500002
-0.0800469628619 -0.07690919158000001
-0.05048651428505 -0.04854055906
-0.0282782302538 -0.027175185240000004
-0.017406789269989998 -0.016732285245000002
-0.011464597173174999 -0.01102405442
-5.70505397 -3.482317826065
-10.55078179 -9.75699888455
-8.764050275 -8.603505544625001
-4.300332705 -4.3696808241500005
-2.1207738800000002 -2.1539176931550004
-1.178718225 -1.1873931395500001
-0.733275895 -0.733671269045
-0.418058365 -0.41570124361
-0.267512195 -0.26512963251500005
-0.18411108920039998 -0.18210460123500002
-9.61032769 -9.723378543145
-4.722460594999999 -4.80332084902
-1.989787685 -1.9575666563300003
-1.01407312 -0.97253104123
-0.3749214 -0.35137812142
-0.17765208378545 -0.16493532777
-0.09693953934525001 -0.08960645089500001
-0.0581368366493 -0.053525805950000005
-0.03054828350005 -0.028117949780000002
-0.0178421591843 -0.05943748677
-0.011248561633885 -0.010269827035
-4.224140695 -4.6288410411
-1.8428909599999999 -1.9753868437550002
-0.905771245 -0.92764544072
-0.558890185 -0.555055510975
-0.288673725 -0.27887079063000003
-0.177047352633 -0.16930534124500002
-0.11814542769285001 -0.11245181906500001
-0.0832182743812 -0.07903049056
-0.0528191951581 -0.050070201615000004
-0.0356833637368 -0.03489804098
-0.02525714543366 -0.023924186120000003
0.402462895 -0.289272260235
-1.923625085 -2.39749911203
-0.91320141 -1.2122157717700002
-0.21927318249150002 -0.39474213966000005
0.22068025646705 0.15179569796
0.2615022910744 0.22631542199
0.2267664067505 0.205301943935
0.1839761222223 0.16959178329500002
0.13165106007935 0.12286933047500001
0.095160118535 0.08934169547500001
0.07018102620625 0.0660875107
-2.45405485 -2.976027748225
-0.51113234 -0.66866034462
0.08897107018065 0.037371708315
0.18448219338594998 0.16109369617000002
0.14650353983435 0.13714018321500002
0.09616420530320001 0.09105732845000002
0.06390660604369999 0.06071316471
0.0439892380068 0.04185388315
0.0268023757922 0.20554262352000002
0.01742679074907 0.01660177164
0.011929959434225002 0.01136757484
-9.6823189 -8.9012027193
-3.937226055 -4.150044227825
-0.9415830649999999 -1.02103416066
-0.15734125989385 -0.1900840996
0.1075552951714 0.095581301245
0.1014606275034 0.09508224620500001
0.0751658249234 0.07126050709500001
0.054379041990199994 0.05182658235
0.0344006158504 0.033055176275
0.022821640712595 0.028596919745000005
0.015822048733385 0.015173893465000001
22.745599170000002 19.878681924520002
2.8299214299999997 1.60213492044
-3.737793075 -4.43046135919
-5.02426182 -5.506927832625
-4.507930989999999 -4.8688484981
-2.672942785 -2.8568941104250003
-1.42244339 -1.5009301657650003
-0.74742734 -0.7745447642400001
-0.392538505 -0.396839992925
-0.14088836749390002 -0.134857993595
-0.0353811833896 -0.028239904255
0.010191959037075 0.01622779542
-4.002233435 -4.36976105943
-1.7348778900000001 -1.9653400004350001
-0.33905707 -0.41593107988
0.01738399042568 -0.008816639040000001
0.09513205535315 0.0907357047
0.06505752389939999 0.06426499362
0.04034343798845 0.040437557175
0.02525018208256 0.025562156805
0.013208694243875 0.013553461120000002
0.007391801719100001 0.0029182432500000004
0.0043844911646300005 0.005143065695000001
-2.290827515 -0.9575822318800001
-10.762607130000001 -10.594095739955002
-7.673470085 -7.721272721030001
-4.76045158 -4.769033026750001
-2.0048318000000003 -1.9574890465500001
-1.03828023 -0.99614694114
-0.62177091 -0.5914247771350001
-0.40863282 -0.38707174141
-0.2434355660488 -0.22990815619000002
-0.15837702174425 -0.14940833081000002
-0.10939086597485 -0.10316259002500001
16.077380525 14.637753841365
-0.39277480000000004 -0.92575623594
-3.12886086 -3.4941790211600003
-2.804217785 -3.0616982070500005
-2.11977619 -2.282117812575
-1.226029735 -1.277249222985
-0.8076038 -0.8195704876850001
-0.58375367 -0.58324290523
-0.4452848 -0.44084657603500005
-0.31450864500000003 -0.30916509612500004
-0.23218753757519997 -0.22734065348500002
-0.1767319597196 -0.17261630678500003
-3.64078085 -3.672774956705
-1.181501255 -1.3516214989350002
-0.2302787990752 -0.2806964058
-0.0577563302857 -0.07472771614
-0.020367818718190003 -0.023207398365000003
-0.018744877209095002 -0.019141864125
-0.01650563144857 -0.016350957625
-0.013771864308935 -0.013519670935000002
-0.010155284819090001 0.25680608863
-0.0074884125839149995 -0.007283793375
-0.00560567438416 -0.005447098595000001
-5.65154628 -5.841432101840001
-2.234536795 -2.33225349416
-0.9094732000000001 -0.9166911458350001
-0.47290506 -0.46579982688000005
-0.18470011986285 -0.17796536921
-0.0925138492547 -0.088242083565
-0.05316861061325 -0.05042251746
-0.0334125041995 -0.03157258268
-0.018654134835625 -0.20785736934000001
-0.011460328530255 -0.01077783503
-0.007538160899230001 -0.007080605930000001
10.242259285 9.58655032184
-0.1748450207461 -0.39085130619
-3.80041125 -3.984943336025
-4.042246055000001 -4.280116328745001
-2.542823005 -2.72890085415
-1.413175375 -1.52383762701
-0.74480184 -0.802356344425
-0.2493574910447 -0.26788934807500003
-0.0396490076787 -0.04456849262
0.0502702400353 0.049776303145
-1.4894198950000002 -1.306403090045
-4.875317205 -5.281077124135
-2.18488859 -2.3380391247250003
-1.0629599299999999 -1.108975676985
-0.374212515 -0.37982336603
-0.17714132426645002 -0.17798477165500004
-0.0980957641241 -0.098067597235
-0.0600353556531 -0.059848114970000005
-0.0325831680858 -0.03238570003
-0.019629865363665 -0.019468843895
-0.01273144558293 -0.012149973840000002
6.73057427 6.82197748182
-0.26722339 -0.8092344192850001
0.39440261000000004 0.098822901075
0.566346605 0.43381005225
0.3754465 0.34081106153
0.2126316436524 0.19916134577000003
0.1252089261274 0.11874892328500002
0.0780374151388 0.07447530057000001
0.04223440447895 0.040538035060000005
0.025041387488485 0.024117449175000003
0.015926120402785002 0.015101744725
-9.78135276 -9.325470050485
-6.393748875 -6.3703115616
-3.243253895 -3.2011053782400003
-1.0826774350000001 -1.0456277442600002
-0.49926508 -0.47841968645500005
-0.27699025 -0.26460755184
-0.17197412129974998 -0.16404029482000002
-0.09605730675795 -0.09152519255
-0.05952100628795 -0.056679294000000005
-0.03957306535375 -0.037664766625000005
-0.836878125 -1.0418513825900002
-1.7543065899999999 -1.98785263899
-0.38707746499999995 -0.46392716275000007
-0.043906330230349996 -0.07239826752
0.06178658699495 0.05293979435
0.05556327402775 0.050944283075000006
0.0418418447074 0.0389345897
0.030985887662349998 0.028962756915000002
0.020250844475375 0.018979870775
0.01379709628286 0.012937702605
0.009771878564485 0.009163651375
-2.51906223 -2.43357626506
-4.7952132 -5.04732689001
-2.075641535 -2.2297903110800004
-0.81674054 -0.8839939039750001
-0.12867602201335 -0.144737540055
-0.008698056835965 -0.01546676799
0.01321875854677 0.009446023900000001
0.014837572927395 0.012442927130000002
0.010931605707825 0.00952925225
0.007243849674375 0.006416328175
0.004751241824845 0.00418698987
-2.46072362 -2.699885219665
-1.587403555 -1.756958528785
-0.32251642 -0.370197154065
0.029004879649349998 0.012027888090000001
0.13990165129625 0.133876686715
0.11785700522819999 0.11407209388000002
0.08847598752215001 0.08578626963
0.0657737534731 0.063763234315
0.0432490675488 0.041894053300000005
0.02960522280365 0.039914925145
0.021042384941275 0.020350434285
-2.96854783 -3.421791124365
-0.0444847638497 -0.15645821839000001
0.39592540000000004 0.36306330299500006
0.36940785000000004 0.35368814134000004
0.22266357439495 0.21564155676000002
0.1333540095264 0.12931729592500002
0.08450289766225 0.081934162285
0.056495364334950005 0.054749892815000006
0.03349509219005 0.11595568009
0.02140736827242 0.02073756426
0.014483853805155 0.014027363870000002
-7.945498140000001 -8.346043711115
-3.68536184 -3.84364320559
-1.598955755 -1.60431671094
-0.8676227299999999 -0.845819396525
-0.37305729499999996 -0.35534806120500007
-0.2037548192257 -0.19250386542
-0.125363324431 -0.1180283023
-0.08306224380425001 -0.078047477105
-0.04919225935725 -0.04622938392
-0.031540882130450004 -0.034568829535000005
-0.021424622192005 -0.02007604328
24.806301610000002 21.769265905925
-0.70762476 -1.3762052631650001
-0.792139605 -1.10759794586
-0.028893034399550002 -0.16913410613500002
0.21859388871435 0.151426106325
0.25576704464204997 0.23118139241500002
0.19860658628415 0.18550690792
0.14787999444125 0.13968473905
0.1109249091304 0.105323849115
0.07446600341195 0.070967553805
0.0520528841719 0.049704364445
0.03770153754015 0.06808845676000001
-1.585670725 -2.07684280627
-0.731385535 -0.975295246395
0.11786939732565 0.03297990319000001
0.25995949135125 0.221903400515
0.20723845129829999 0.19263009946
0.13657562930140002 0.12866155104500002
0.0911999099032 0.086249119025
0.0630765678713 0.05983929329
0.03867133632855 0.03653992366
0.025273980270935 0.013514262405000001
0.01737658620062 0.016522534050000003
30.15166208 28.69284180989
-8.24979359 -8.615293645800001
-3.66399027 -3.7522052584050005
-1.6726535400000002 -1.65860076129
-0.913962805 -0.8877974920800001
-0.38038244000000004 -0.363593076385
-0.20077083319315 -0.190979158805
-0.12060227712505 -0.11451640724500001
-0.0786518997612 -0.07454576899000001
-0.04592490862325 -0.043540635625000004
-0.029221003983049998 -0.037027085185
-0.019766167986125 -0.01875531176
-3.244829195 -3.252026136835
-5.387079665000001 -5.6134271706000005
-3.594440775 -3.7606913207400003
-1.36168932 -1.38650517843
-0.5908162650000001 -0.58294926931
-0.29132547999999997 -0.28034899964000004
-0.15652992263285 -0.147283592425
-0.06831506917855 -0.062129700725
-0.03215720512795 -0.028053152440000003
-0.015651744967 -0.012688542655000001
0.25576856323124997 -0.40102385845000005
-0.635974865 -0.881132319015
0.11188623149205 0.041416973695000005
0.20029408650154998 0.17376609200000004
0.13772201790705 0.12953208808
0.0836817796261 0.07976229617500001
0.0530187609884 0.05080489528
0.0353261487088 0.034334346130000006
0.02082829151059 0.32052125004
0.013247713978539999 0.01274223413
0.008927870264115 0.008590662255000001
8.054692685 8.24829752759
-5.68404997 -5.86148152255
-5.831261755 -6.11549518189
-4.1559827149999995 -4.3510494885
-1.96004077 -1.984505205255
-1.06474527 -1.0417392737400002
-0.65873795 -0.630348759815
-0.444155835 -0.41958278281
-0.272238095 -0.25445702752500005
-0.18082777148815002 -0.16811774883000002
-0.12690873390115 -0.11762166486000002
1.724244615 1.197045028905
1.029799865 0.79897162859
0.834567685 0.7755571570400001
0.549753445 0.527888359765
0.24520600922435 0.23858994955
0.12480425439925 0.12175892776000001
0.07097354178285 0.06943662475500001
0.0438700686622 0.042678894015
0.023894725463264998 0.01969975662
0.014372838213355 0.014039467425
0.009291334769765 0.00907462067
-3.666799555 -4.07658680735
-1.21912467 -1.397705220115
-0.1382940143255 -0.18780327523999998
0.10663161775385001 0.08782657193500001
0.14136854702675 0.13389309609000002
0.1029443259088 0.098434222055
0.07195279027085 0.06893612569
0.05114896206655 0.049027799350000005
0.03219182707135 0.03087908311
0.021405902718319998 0.020533484145
0.014901130033705001 0.014274974775000001
-8.772504385 -8.8329129392
-3.406402465 -3.4470960084250004
-1.52583558 -1.4999166440000002
-0.8535763049999999 -0.8279943781800001
-0.36462943999999997 -0.350178241665
-0.19254798668495 -0.18422421989499999
-0.11463355469205 -0.10948103956
-0.07390805945715001 -0.07050312911
-0.0424310305369 -0.04045178738500001
-0.0266022444292 -0.02534967509
-0.017772404033884998 -0.0169307993
24.90013698 24.43152345728
8.295529799999999 7.938548047675
-2.124003245 -2.5219673194950003
-2.74412009 -3.090416582425
-1.73949877 -1.96968328632
-0.90432722 -1.0422264352650001
-0.25464235526879997 -0.31024029088500005
-0.004275821378315 -0.027958319380000003
0.08543445604315 0.074786868655
1.71681445 0.884162356055
-2.6844162199999997 -3.0690546742650002
-1.400572975 -1.5978595824950002
-0.592181525 -0.6843507527
-0.09551767409035 -0.120187539755
-0.000714416335137 -0.010520509775
0.01757197060711 0.012544087645
0.018721536592859998 0.01578308823
0.01455886557414 0.013049155080000001
0.010457215454985 0.009581158385
0.007480813914325 0.0070436914000000005
-5.54054014 -5.878507785030001
-3.158607775 -3.2447915190750005
-1.62192888 -1.60983561696
-0.9701485049999999 -0.9405211815250001
-0.45534046499999997 -0.43287826230000004
-0.25696190601635 -0.24280324693
-0.1605123070253 -0.15135183093000001
-0.10724266349635 -0.10105612512
-0.0639650554498 -0.060078450085000006
-0.0411826929786 -0.038793915410000004
-0.028050068265149997 -0.026428624315
24.85944173 22.28502146262
-0.468205415 -0.7581419529900001
0.1328055945613 0.06296274562000001
0.20864350258865003 0.18796046392500002
0.17635454566990003 0.167798199225
0.106953271172 0.10439014255000001
0.0664036849622 0.06523401316
0.043515298762349996 0.04285648283500001
0.0299287844352 0.029535667270000003
0.018357316048230002 0.018033220495000002
0.0120454621368 0.011893646275000001
0.008321903026265001 0.008218418865
-4.2614490499999995 -4.718351661245
-2.7778840199999997 -2.941879024945
-1.41194139 -1.4457263765100001
-0.824328235 -0.8205298453850001
-0.37990985 -0.3682510284450001
-0.21548253678874998 -0.20686984002500003
-0.13623323390815 -0.13024543643
-0.09221408725555 -0.08797625168999999
-0.056006238935950005 -0.05335257546
-0.036619436139850005 -0.03484027998000001
-0.025266021172705003 -0.02402773584
27.977669315 29.562194114270003
-5.18131923 -4.83818218551
-5.91294106 -6.0459579217199995
-3.744724395 -3.8782786178050004
-2.24758553 -2.31474865554
-0.88174792 -0.89002780182
-0.388390215 -0.38722241885500003
-0.18198774521845001 -0.180501785995
-0.08643379643245 -0.08582770002
-0.02526944196291 -0.02566631039
-0.0025281515665975 -0.003317450525
0.00597704006951 0.00510533726
8.32304504 6.740643666365001
-2.8811186799999997 -3.6127129422500004
-2.00031594 -2.43186480663
-0.787728765 -1.02252423693
0.10172372071935 0.026077988790000003
0.23848509941985 0.204447553725
0.22458526894980002 0.20463708857
0.18603511887495003 0.17255539518500002
0.1337590149556 0.12527142668000002
0.09643390716519999 0.09063945387000001
0.07090525200275 0.06674252044000001
-2.6863328349999995 -3.09492007632
-0.658606675 -0.7497555546350001
-0.17807117659744998 -0.19837212047000002
-0.0668612208703 -0.072889157255
-0.020003415780074998 -0.020902104345000002
-0.010540691205849998 -0.010680927825000002
-0.00690224069714 -0.0068819606000000005
-0.00492174722963 -0.004873374335000001
-0.0031973355278099996 -0.0031383651700000004
-0.0021966894274755 -0.002148420395
-0.0015715515342675 -0.0015335545500000003
11.43315983 12.010972597365
2.36305502 1.89689681237
2.3212570599999998 2.0032420072400003
1.6332447849999998 1.540035833045
1.00210084 0.96089372252
0.637025065 0.6139350789950001
0.42572482500000003 0.41110294291000005
0.252020878585 0.24363547792000004
0.16081479403090002 0.155536484105
0.10866648186069999 0.10519031618500001
-5.872954695 -6.0431832145549995
-2.092287205 -2.13950703254
-0.78754498 -0.7780210575150001
-0.37366116 -0.36306083502500003
-0.12062070340914999 -0.115790037295
-0.05110561821215 -0.048869219150000004
-0.02551445871638 -0.024310134620000003
-0.014240988675189999 -0.013633145045000001
-0.0068695715218749995 -0.006551856485
-0.003749778771305 -0.00357792638
-0.0022362404530695 -0.0021350566000000004
-1.8004366250000001 -2.53077190749
-0.803534275 -1.09248241726
0.062045865621950004 -0.04662142358000001
0.28770229 0.2375557651
0.28339647 0.263728298145
0.20491254841605 0.19360678546
0.14465441672499998 0.13722412045000001
0.10388517908480001 0.09865951621
0.06615978677675001 0.062760240805
0.0443529963059 0.042273096735
0.03105158659905 -0.5762911325850001
-3.2558300399999998 -3.89973685556
-1.94150474 -2.20441994705
-0.420683865 -0.500493420175
9.32839598645e-06 -0.028150952315
0.11775207475775 0.10896368478500001
0.0929165494949 0.08787753289
0.06523820056995 0.061871614075000005
0.04578679078259999 0.043384943475
0.02806629858105 0.026565491630000004
0.018180867062799998 -0.071481994275
0.012362475692585 0.011631516355000001
-1.90910607 2.58261377025
-13.9330034 -11.400591631465
-16.658981285 -16.104906267
-12.532141619999999 -12.515538299315
-8.661603265 -8.70724401182
-5.97637314 -5.98580818931
-3.58947858 -3.55873119197
-2.2973125 -2.25808469446
-1.54972763 -1.514707687055
21.710285755 20.393480959055
-3.906717745 -4.089020387700001
-3.147738205 -3.3070707682800005
-1.799333915 -1.8617604285000002
-1.123057625 -1.13623742496
-0.564771305 -0.5551263207100001
-0.33955591500000004 -0.32952348567500006
-0.22377875289444998 -0.21577398698000003
-0.15633232330205 -0.15017733976
-0.0983822886148 -0.09423830548499999
-0.0660501939434 -0.06314587424500001
-0.04651782135 -0.04437546586
8.603107125000001 8.192595182140002
-1.797496065 -2.13446475979
-0.02494784473046 -0.150552287415
0.29473863 0.24599333445000002
0.22245479043415 0.20675174503500002
0.13080792328745 0.12325333610500001
0.07978843329005 0.07550565179
0.051436231936699994 0.048712608075000004
0.02914069518905 1.753801417545
0.01797370755136 0.01708066284
0.011823654225720001 0.01124260104
-7.260268895 -7.400508743515001
-1.49931803 -1.5323105355900002
-0.23731590913435 -0.235044605625
0.0362752905883 0.038984395435
0.097333407666 0.097781365225
0.0735487474423 0.073320526905
0.05155165022945 0.05122739074
0.0365026919696 0.03616999071
0.022792764991005 0.01973499083
0.015044048128515 0.014846126045000001
0.010406421271744999 0.010258353600000002
11.980970405 10.589964253155001
-3.0950706749999997 -3.3696330988950005
-1.613921105 -1.7229261414100001
-0.62885976 -0.654480675495
-0.24033280082095002 -0.24297939172500002
-0.00936536764733 -0.007586277230000001
0.03553333977875 0.036101281375
0.04057923834425 0.04044643136500001
0.0363898049214 0.035981033475
0.02789111734455 0.027418647855000002
0.020903630994485 0.02046755784
0.015791306596354998 0.07261880952000001
