-49.31844298 -49.31844298 -29.324787
-28.1970619 -28.1970619 -19.703306
-10.58877307 -10.58877307 -9.526311
-5.22934379 -5.22934379 -5.292652
-3.30030648 -3.30030648 -3.3893294
-2.37892236 -2.37892236 -2.400869
-1.60268137 -1.60268137 -1.582437
-1.13137776 -1.13137776 -1.1048263
-0.81952817 -0.81952817 -0.79642063
-47.19119098 -47.19119098 -37.221714
-10.54879696 -10.54879696 -10.039446
-1.72251654 -1.72251654 -1.6657352
0.37511765 0.37511765 0.6820264
0.8784564 0.8784564 1.2373458
0.72509078 0.72509078 0.9853625
0.55575295 0.55575295 0.74321043
0.42377795 0.42377795 0.5633809
0.28772273 0.28772273 0.3823209
0.20186005 0.20186005 0.26886174
0.14622563 0.14622563 0.19532204
-6.0714495 -6.0714495 -5.737
-1.56509529 -1.56509529 -2.1381361
-0.84852438 -0.84852438 -1.186237
-0.52052616 -0.52052616 -0.7281275
-0.23581419 -0.23581419 -0.32725143
-0.12544014 -0.12544014 -0.109470375
-0.0742326 -0.0742326 -0.07985877
-0.04740055 -0.04740055 0.20383835
-0.02681682 -0.02681682 0.06377983
-0.01659412 -0.01659412 0.16392899
-0.01096303 -0.01096303 0.00765229
-29.66412744 -29.66412744 -27.632738
-12.13725599 -12.13725599 -13.348446
-5.57376601 -5.57376601 -6.6599946
-1.81400565 -1.81400565 -2.04172
-0.92657866 -0.92657866 -0.93284446
-0.5951075 -0.5951075 -0.5850001
-0.4258657 -0.4258657 -0.42535043
-0.28442161 -0.28442161 -0.29223365
-0.20215035 -0.20215035 -0.21173339
-0.14917585 -0.14917585 -0.15837711
-9.56889895 -9.56889895 -10.493785
-1.96136971 -1.96136971 -2.6190352
-0.99896847 -0.99896847 -1.3281248
-0.61461308 -0.61461308 -0.823446
-0.27662994 -0.27662994 -0.3732228
-0.14285054 -0.14285054 -0.19348335
-0.08151404 -0.08151404 0.021261215
-0.05007668 -0.05007668 0.11435509
-0.02664443 -0.02664443 -0.11517143
-0.0158568 -0.0158568 -0.035068512
-0.01005877 -0.01005877 -0.09150314
-1.70255527 -1.70255527 -5.6485324
-0.61825187 -0.61825187 -1.6759924
-0.47934602 -0.47934602 -1.0067526
-0.37735126 -0.37735126 -0.7161287
-0.23683362 -0.23683362 -0.6392809
-0.15552232 -0.15552232 -0.4331112
-0.10691826 -0.10691826 -0.42133522
-0.07650901 -0.07650901 0.28427887
-0.04910654 -0.04910654 0.16880226
-0.03341554 -0.03341554 -0.0042495728
-0.02373609 -0.02373609 -0.4105072
-3.59385322 -3.59385322 -5.4260206
0.32348317 0.32348317 0.047349427
0.79633472 0.79633472 1.0916635
0.74204023 0.74204023 1.124179
0.52751978 0.52751978 0.8078612
0.37581843 0.37581843 0.56345016
0.27408134 0.27408134 0.40527427
0.20465326 0.20465326 0.3002922
0.13749294 0.13749294 0.04173661
0.09623208 0.09623208 0.19063951
0.06963057 0.06963057 0.2225151
-0.14757584 -0.14757584 0.18775074
0.63758037 0.63758037 1.0786731
0.44968325 0.44968325 0.730014
0.31649367 0.31649367 0.49215063
0.17032354 0.17032354 0.25047618
0.10096751 0.10096751 0.1498146
0.06436565 0.06436565 -0.11359215
0.04341632 0.04341632 -0.033151623
0.02604989 0.02604989 0.030473713
0.01681404 0.01681404 0.6996975
0.01146355 0.01146355 0.19285965
-11.80456471 -11.80456471 -10.492062
-0.87394415 -0.87394415 -0.37658718
0.06070289 0.06070289 0.4883621
0.20364417 0.20364417 0.4707695
0.17586946 0.17586946 0.28822967
0.11853606 0.11853606 0.17365263
0.07984 0.07984 0.1101017
0.05544614 0.05544614 0.1486454
0.03414592 0.03414592 0.3926258
0.02235561 0.02235561 0.11544609
0.0153966 0.0153966 -0.13319206
-29.41943223 -29.41943223 -28.967308
-12.95870923 -12.95870923 -13.186907
-5.41337968 -5.41337968 -5.443815
-2.0808304 -2.0808304 -1.8603432
-0.65294864 -0.65294864 -0.293368
0.16862277 0.16862277 0.5657851
0.26252207 0.26252207 0.59305835
0.23835577 0.23835577 0.49736962
0.20368804 0.20368804 0.4048692
0.16088346 0.16088346 0.30096793
0.12964017 0.12964017 0.22973849
0.10611987 0.10611987 0.17962179
-2.88057827 -2.88057827 -3.7593575
0.50520107 0.50520107 0.8116016
0.49705936 0.49705936 0.7492274
0.35393723 0.35393723 0.48909295
0.17311349 0.17311349 0.2134711
0.09001355 0.09001355 0.103975266
0.05026336 0.05026336 0.055402756
0.0298453 0.0298453 0.063266754
0.01506573 0.01506573 0.13172722
0.00828654 0.00828654 0.064554214
0.00490041 0.00490041 0.31500053
-25.68315502 -25.68315502 -28.391314
-7.40422475 -7.40422475 -10.244655
-3.19195902 -3.19195902 -4.4902782
-1.94464037 -1.94464037 -2.5564399
-1.06521918 -1.06521918 -1.3528471
-0.67462103 -0.67462103 -0.8805656
-0.45599155 -0.45599155 -0.60940236
-0.32297199 -0.32297199 -0.43837214
-0.20547622 -0.20547622 -0.22243693
-0.13871684 -0.13871684 -0.07473183
-0.09797468 -0.09797468 -0.46054268
-10.34158287 -10.34158287 -22.94349
-2.6833314 -2.6833314 -9.411269
-0.63269613 -0.63269613 -4.1291943
-0.27329869 -0.27329869 -2.207504
-0.30033152 -0.30033152 -1.5063951
-0.41160778 -0.41160778 -1.0558964
-0.41966513 -0.41966513 -0.8419166
-0.38007546 -0.38007546 -0.6771099
-0.32916932 -0.32916932 -0.54613346
-0.25828388 -0.25828388 -0.3370005
-0.20172493 -0.20172493 0.1407833
-0.15870884 -0.15870884 -0.4118786
-2.21245594 -2.21245594 -8.15672
0.42719567 0.42719567 -0.49174672
0.2400447 0.2400447 -0.054176304
0.11040681 0.11040681 -0.050513074
0.01445778 0.01445778 -0.05413176
-0.00804062 -0.00804062 -0.043481834
-0.0122894 -0.0122894 -0.0399208
-0.01182351 -0.01182351 -0.13575363
-0.00931363 -0.00931363 -0.37986374
-0.00704235 -0.00704235 -0.19385338
-0.0053377 -0.0053377 -0.50644684
-4.63501793 -4.63501793 -6.860207
-1.08348403 -1.08348403 -1.7172066
-0.56934648 -0.56934648 -0.86989623
-0.34319134 -0.34319134 -0.5296732
-0.15272412 -0.15272412 -0.24233657
-0.0806407 -0.0806407 -0.3224907
-0.04758193 -0.04758193 -0.009988781
-0.03033092 -0.03033092 0.004083637
-0.01714949 -0.01714949 -0.31554604
-0.01060062 -0.01060062 0.06123731
-0.00699856 -0.00699856 0.24949384
-30.71851449 -30.71851449 -15.439041
-15.60247289 -15.60247289 -8.145375
-7.92560111 -7.92560111 -3.9171772
-2.05505827 -2.05505827 -0.24270876
-0.48450458 -0.48450458 0.7641866
-0.01719968 -0.01719968 0.9446042
0.14096124 0.14096124 0.8937193
0.20934676 0.20934676 0.73890316
0.21440015 0.21440015 0.59744024
0.20015356 0.20015356 0.48531842
-10.55325354 -10.55325354 -9.439437
-0.93520176 -0.93520176 -1.9657773
-0.51847277 -0.51847277 -1.1374296
-0.43229453 -0.43229453 -0.80820936
-0.24795469 -0.24795469 -0.41733718
-0.14069698 -0.14069698 -0.23090938
-0.08476333 -0.08476333 -0.13840294
-0.05428843 -0.05428843 -0.04860115
-0.03057242 -0.03057242 -0.11959267
-0.01875051 -0.01875051 0.18860435
-0.01228358 -0.01228358 0.02079773
-3.93021458 -3.93021458 -8.077287
3.65910107 3.65910107 1.8441198
2.49425553 2.49425553 1.9796796
1.4866779 1.4866779 1.3039176
0.59060519 0.59060519 0.5460273
0.2784146 0.2784146 0.26281136
0.1492771 0.1492771 0.14282791
0.08795861 0.08795861 0.11556816
0.04525653 0.04525653 0.3611431
0.02608215 0.02608215 0.36799812
0.01646105 0.01646105 0.1109848
-6.94199147 -6.94199147 -7.7496104
-2.43195437 -2.43195437 -2.892586
-1.51974991 -1.51974991 -1.6259623
-0.7303858 -0.7303858 -0.7817292
-0.39486718 -0.39486718 -0.43846154
-0.23627212 -0.23627212 -0.2680677
-0.15265203 -0.15265203 -0.221653
-0.08797859 -0.08797859 -0.17072678
-0.05532369 -0.05532369 0.3216362
-0.03707312 -0.03707312 0.1819458
-4.84050429 -4.84050429 -8.149861
0.27133539 0.27133539 -0.2682591
0.26601971 0.26601971 0.21076769
0.18693247 0.18693247 0.19441535
0.10511022 0.10511022 0.12557055
0.06622169 0.06622169 0.14238738
0.04449677 0.04449677 0.0046463013
0.0313567 0.0313567 -0.15937233
0.01989792 0.01989792 0.15517998
0.01326484 0.01326484 -0.097984314
0.00931211 0.00931211 0.52238655
-15.91139331 -15.91139331 -14.05189
-2.1357184 -2.1357184 -2.5726802
-0.36695536 -0.36695536 -0.39934564
-0.04699163 -0.04699163 -0.008890729
0.05277444 0.05277444 0.0644986
0.04771096 0.04771096 0.047500335
0.03420896 0.03420896 0.03106562
0.02358288 0.02358288 0.019970888
0.01364144 0.01364144 0.27885532
0.00811648 0.00811648 0.27047443
0.00511901 0.00511901 0.070485115
-5.07034671 -5.07034671 -3.1064873
-0.09865938 -0.09865938 0.103813685
0.19946831 0.19946831 0.38635457
0.23033362 0.23033362 0.37859118
0.18316877 0.18316877 0.27083933
0.12978622 0.12978622 0.21983337
0.09189712 0.09189712 0.19933891
0.06650869 0.06650869 0.05197715
0.04287584 0.04287584 -0.042522438
0.02906682 0.02906682 -0.04167176
0.02054445 0.02054445 -0.11989594
0.9668264 0.9668264 0.95564216
1.12095555 1.12095555 1.4408431
0.72038917 0.72038917 0.93226
0.47971422 0.47971422 0.6191613
0.24021004 0.24021004 0.30954164
0.1362262 0.1362262 0.17553711
0.08438351 0.08438351 0.46094704
0.05555794 0.05555794 -0.33058357
0.03278365 0.03278365 0.2416935
0.02086378 0.02086378 0.108133316
0.01408311 0.01408311 0.19657907
-7.98818676 -7.98818676 -8.948097
-1.64235348 -1.64235348 -2.5599344
-0.87675287 -0.87675287 -1.4522252
-0.57548727 -0.57548727 -0.963642
-0.29867454 -0.29867454 -0.49516365
-0.1756958 -0.1756958 -0.28723526
-0.11184268 -0.11184268 -0.32369614
-0.0754237 -0.0754237 -0.45576477
-0.0451846 -0.0451846 0.17612648
-0.0292165 -0.0292165 0.06312561
-0.01991739 -0.01991739 0.009826664
-20.18069875 -20.18069875 -18.332323
-1.23227822 -1.23227822 -0.9710469
0.67099181 0.67099181 1.2414609
0.6355376 0.6355376 1.1773686
0.50158211 0.50158211 0.91842794
0.31969872 0.31969872 0.5582195
0.21556929 0.21556929 1.0789121
0.1519592 0.1519592 0.96934503
0.11105594 0.11105594 0.6036205
0.07308682 0.07308682 0.17367934
0.05067359 0.05067359 -0.027757421
0.0364805 0.0364805 -0.056667123
-1.64845071 -1.64845071 -1.325916
0.89827955 0.89827955 1.3120451
0.65256399 0.65256399 0.92077094
0.45228971 0.45228971 0.62271583
0.24140163 0.24140163 0.3218534
0.14327048 0.14327048 0.18750763
0.09168602 0.09168602 0.118608475
0.0621399 0.0621399 0.3506298
0.03754008 0.03754008 0.14411163
0.02433761 0.02433761 0.097240455
0.01666643 0.01666643 0.048208237
-43.81782596 -43.81782596 -44.494946
-4.1016756 -4.1016756 -5.69372
-1.4757307 -1.4757307 -1.9264121
-0.90054355 -0.90054355 -1.1396562
-0.59893808 -0.59893808 -0.765215
-0.3017216 -0.3017216 -0.39489856
-0.1724794 -0.1724794 -0.229414
-0.10763502 -0.10763502 -0.14484024
-0.07209094 -0.07209094 -0.09722328
-0.04259342 -0.04259342 -0.10357094
-0.02732809 -0.02732809 0.043153763
-0.01857876 -0.01857876 0.067121506
-10.65111018 -10.65111018 -7.3944488
-3.04518203 -3.04518203 -2.344614
-1.30664845 -1.30664845 -0.864063
-0.49868405 -0.49868405 -0.20521377
-0.24930665 -0.24930665 -0.06528753
-0.13429623 -0.13429623 -0.014305395
-0.07548301 -0.07548301 0.0066583036
-0.03328824 -0.03328824 0.016757943
-0.0148372 -0.0148372 0.017845156
-0.00620412 -0.00620412 0.016263962
-5.14936073 -5.14936073 -2.385499
0.74738106 0.74738106 0.8445612
0.54578417 0.54578417 0.59237635
0.3493862 0.3493862 0.37750334
0.16439845 0.16439845 0.1766662
0.08990617 0.08990617 0.095918655
0.05446934 0.05446934 0.117837906
0.03600323 0.03600323 0.28567314
0.0205341 0.0205341 0.64481544
0.01295415 0.01295415 -0.32440758
0.00868634 0.00868634 0.13725281
-27.42891558 -27.42891558 -30.626183
-8.14232195 -8.14232195 -11.274188
-2.9527747 -2.9527747 -4.7548885
-1.5031798 -1.5031798 -2.5689597
-0.80047058 -0.80047058 -1.3411647
-0.56185367 -0.56185367 -0.909363
-0.41246371 -0.41246371 -0.6532532
-0.31002561 -0.31002561 -0.48354933
-0.20947591 -0.20947591 -0.32206163
-0.14718361 -0.14718361 -0.22429466
-0.10694862 -0.10694862 -0.37295341
5.93825984 5.93825984 6.890234
3.10515386 3.10515386 3.3738322
1.3995264 1.3995264 1.5804588
0.73590817 0.73590817 0.84643555
0.27614567 0.27614567 0.32068822
0.13179737 0.13179737 0.1528721
0.07273662 0.07273662 0.08400917
0.04426026 0.04426026 0.116197586
0.02378012 0.02378012 0.10773277
0.01420465 0.01420465 -0.4112072
0.00914685 0.00914685 -0.0068073273
-1.15834891 -1.15834891 -1.2506496
0.66053749 0.66053749 1.0156994
0.47452726 0.47452726 0.724772
0.33416734 0.33416734 0.5028532
0.18534984 0.18534984 0.2714321
0.11354656 0.11354656 0.16313744
0.07442643 0.07442643 0.10556984
0.05133464 0.05133464 1.1669979
0.03176678 0.03176678 0.29950523
0.02082098 0.02082098 0.29089165
0.01441297 0.01441297 -0.17983818
-6.66111853 -6.66111853 -7.823738
-2.05050235 -2.05050235 -2.5597875
-1.13948799 -1.13948799 -1.4180087
-0.70564634 -0.70564634 -0.88603884
-0.32645565 -0.32645565 -0.41417894
-0.17743676 -0.17743676 -0.20125961
-0.10699969 -0.10699969 -0.08400154
-0.06943533 -0.06943533 -0.14402771
-0.04010092 -0.04010092 -0.03176879
-0.02520964 -0.02520964 -0.10469246
-0.01686782 -0.01686782 -0.06285286
-32.82594699 -32.82594699 -27.119213
-16.37165861 -16.37165861 -14.883852
-3.50266225 -3.50266225 -3.6279082
-0.26598801 -0.26598801 -0.2803213
0.43989936 0.43989936 0.52533126
0.52175266 0.52175266 0.62836236
0.44418179 0.44418179 0.5265243
0.35206078 0.35206078 0.40991643
0.28021887 0.28021887 0.32063818
-7.86637885 -7.86637885 -7.916821
-0.76313361 -0.76313361 -1.143494
0.07239328 0.07239328 0.00641925
0.14092422 0.14092422 0.16619612
0.10055414 0.10055414 0.14756814
0.06558922 0.06558922 0.10736942
0.04391004 0.04391004 0.07862966
0.03041397 0.03041397 0.058782555
0.0185555 0.0185555 -0.1471405
0.0119739 0.0119739 0.1525631
0.0079823 0.0079823 -0.06507683
-2.94135958 -2.94135958 -6.0904946
-1.08163527 -1.08163527 -1.6429899
-0.79017497 -0.79017497 -0.95262396
-0.59674536 -0.59674536 -0.69153965
-0.34836933 -0.34836933 -0.4071056
-0.21512798 -0.21512798 -0.2560236
-0.14045559 -0.14045559 -0.16984558
-0.09624127 -0.09624127 -0.117816925
-0.05830052 -0.05830052 0.8904953
-0.0380758 -0.0380758 0.50084686
-0.0260906 -0.0260906 0.3997593
-11.92655217 -11.92655217 -13.046177
0.88802056 0.88802056 0.6293074
0.57150221 0.57150221 0.50259715
0.34655535 0.34655535 0.30973753
0.22968082 0.22968082 0.20647737
0.11843747 0.11843747 0.10755155
0.06965026 0.06965026 0.063789345
0.04454203 0.04454203 -0.07284166
0.03032909 0.03032909 0.5076275
0.01837676 0.01837676 -0.042125724
0.0119991 0.0119991 -0.6241112
0.00826704 0.00826704 -0.13751605
-3.41456501 -3.41456501 -4.784618
-0.93101451 -0.93101451 -1.4014558
-0.61031832 -0.61031832 -0.8934156
-0.45974315 -0.45974315 -0.6671058
-0.27671931 -0.27671931 -0.3998024
-0.17610256 -0.17610256 -0.2544232
-0.11787901 -0.11787901 0.041147232
-0.08232466 -0.08232466 0.12241745
-0.05128715 -0.05128715 -0.24077614
-0.03396035 -0.03396035 -0.47480923
-0.02362082 -0.02362082 -1.1206459
-37.97267526 -37.97267526 -49.709446
-9.01302871 -9.01302871 -14.248556
-2.87659635 -2.87659635 -4.2216983
-1.34819114 -1.34819114 -1.5112098
-0.80437979 -0.80437979 -0.71275425
-0.36082136 -0.36082136 -0.26162618
-0.17179797 -0.17179797 -0.10842301
-0.08052083 -0.08052083 -0.038398143
-0.03477257 -0.03477257 -0.0053030257
-0.00441708 -0.00441708 0.046487793
0.00662329 0.00662329 0.22476006
0.01017055 0.01017055 -0.17358208
-14.75071273 -14.75071273 -11.886686
-1.23424315 -1.23424315 -0.53513414
0.7308976 0.7308976 1.3238009
0.86098103 0.86098103 1.3648001
0.60860713 0.60860713 0.9293595
0.41698567 0.41698567 0.62360257
0.29554376 0.29554376 0.43530446
0.2161565 0.2161565 0.3148515
0.14215396 0.14215396 0.5978012
0.09812069 0.09812069 0.4869957
0.0703941 0.0703941 0.7743263
-0.41178894 -0.41178894 -1.059117
0.09753306 0.09753306 0.07857759
0.03741031 0.03741031 0.043827202
0.01063407 0.01063407 0.012816712
-0.00426243 -0.00426243 -0.0050507486
-0.00589471 -0.00589471 -0.36546898
-0.00515068 -0.00515068 0.14787865
-0.0041386 -0.0041386 -0.19849396
-0.00289705 -0.00289705 0.028530125
-0.00205359 -0.00205359 0.0023037752
-0.00149088 -0.00149088 0.31659588
-6.32819615 -6.32819615 -22.33978
5.03900777 5.03900777 5.1098742
4.03171769 4.03171769 6.162032
1.97122387 1.97122387 4.480144
1.08498979 1.08498979 2.270615
0.65964567 0.65964567 1.2843748
0.43087668 0.43087668 0.872629
0.25055611 0.25055611 0.39260104
0.15838908 0.15838908 0.4104824
0.10654029 0.10654029 0.0020199197
-4.6807992 -4.6807992 -6.54457
-1.03929334 -1.03929334 -1.5328107
-0.50579992 -0.50579992 -0.74700797
-0.27393467 -0.27393467 -0.41461188
-0.09937544 -0.09937544 -0.15900993
-0.04431292 -0.04431292 -0.074739456
-0.0226454 -0.0226454 -0.22027397
-0.01288583 -0.01288583 -0.015594482
-0.00633435 -0.00633435 0.53204536
-0.00349258 -0.00349258 0.083322525
-0.00209695 -0.00209695 0.55516243
-0.10501016 -0.10501016 0.33193427
1.10938398 1.10938398 1.5818971
0.84962418 0.84962418 1.2115965
0.62396006 0.62396006 0.8926054
0.36117528 0.36117528 0.5143944
0.22610827 0.22610827 0.7148952
0.15018576 0.15018576 -0.08072853
0.10454102 0.10454102 0.6478367
0.06487805 0.06487805 0.18523592
0.04319573 0.04319573 0.3051903
0.02989083 0.02989083 -0.018464994
-3.10806147 -3.10806147 -3.1857345
0.61550799 0.61550799 0.81407326
0.54510837 0.54510837 0.72916895
0.38365565 0.38365565 0.51644
0.20090558 0.20090558 0.27171928
0.11615231 0.11615231 0.15741342
0.0724979 0.0724979 0.09839821
0.04798277 0.04798277 0.46596527
0.02817845 0.02817845 0.2940636
0.0177786 0.0177786 0.023902923
0.01192228 0.01192228 -0.13612363
-53.81192671 -53.81192671 -50.43476
-31.053399 -31.053399 -32.55194
-12.04084207 -12.04084207 -13.966237
-6.1198585 -6.1198585 -6.5754943
-3.93833296 -3.93833296 -3.6102438
-2.88855002 -2.88855002 -2.3366437
-1.99847071 -1.99847071 -1.4988016
-1.44194979 -1.44194979 -1.0745839
-1.06236872 -1.06236872 -0.80069315
-20.82245949 -20.82245949 -29.225782
-3.36479877 -3.36479877 -6.6113086
-1.23308069 -1.23308069 -2.0731838
-0.85008058 -0.85008058 -1.1000707
-0.66352437 -0.66352437 -0.77551955
-0.42407502 -0.42407502 -0.47081077
-0.28225363 -0.28225363 -0.30837458
-0.19559398 -0.19559398 -0.2121564
-0.14049476 -0.14049476 -0.14325905
-0.0904571 -0.0904571 -0.025112152
-0.06153493 -0.06153493 0.43482018
-0.04348194 -0.04348194 -0.8572273
-16.30402186 -16.30402186 -19.957779
0.8951204 0.8951204 -0.035211686
0.91965064 0.91965064 0.84505355
0.588132 0.588132 0.59336334
0.26504935 0.26504935 0.28049162
0.13852311 0.13852311 0.15133092
0.08067928 0.08067928 0.09035301
0.0507878 0.0507878 -0.080366135
0.02833066 0.02833066 -0.11714935
0.01733143 0.01733143 0.20834921
0.01135118 0.01135118 0.10113144
-3.99658718 -3.99658718 -2.2665431
-0.35938923 -0.35938923 0.14654516
0.07731246 0.07731246 0.29251796
0.14756716 0.14756716 0.2495464
0.11917897 0.11917897 0.1480217
0.07946252 0.07946252 0.15004349
0.05338314 0.05338314 -0.05373192
0.03713752 0.03713752 0.9873028
0.02284498 0.02284498 0.098573685
0.01497281 0.01497281 0.050318122
0.01031537 0.01031537 -0.17097019
-13.50841918 -13.50841918 -20.984312
-1.13310815 -1.13310815 -2.4121642
-0.07041419 -0.07041419 -0.22490568
0.02811272 0.02811272 0.012523038
0.05646287 0.05646287 0.06592199
0.07031474 0.07031474 0.08827142
0.062717 0.062717 0.07904241
0.05126326 0.05126326 -0.24266052
0.04093908 0.04093908 0.06537628
0.02916361 0.02916361 0.40141478
0.02129073 0.02129073 0.8224183
0.01578539 0.01578539 1.7816069
