121.04115638 121.04115638 63.104156
63.8797602 63.8797602 37.721767
17.0606167 17.0606167 12.780103
4.34725806 4.34725806 4.0929804
1.06978298 1.06978298 1.2564979
0.25645515 0.25645515 0.37365806
0.02902076 0.02902076 0.058062285
0.00319218 0.00319218 0.008716077
0.00034036 0.00034036 0.0012810528
134.7373485 134.7373485 127.80076
31.18761763 31.18761763 37.035934
7.03866374 7.03866374 10.186526
1.56063983 1.56063983 2.7185705
0.07465845 0.07465845 0.18702862
0.003477 0.003477 0.013050467
0.00015438 0.00015438 0.00096306205
6e-06 6e-06 7.611513e-05
-2e-07 -2e-07 1.847744e-06
-3.8e-07 -3.8e-07 1.1920929e-07
-1e-08 -1e-08 0.0
8.17862106 8.17862106 4.149281
0.11558686 0.11558686 0.090954304
0.00147905 0.00147905 0.0019313097
1.568e-05 1.568e-05 4.4047832e-05
2.4e-07 2.4e-07 1.4901161e-08
0.0 0.0 -2.9802322e-08
0.0 0.0 0.0
0.0 0.0 -2.9802322e-08
-0.0 -0.0 0.0
0.0 0.0 -2.9802322e-08
-0.0 -0.0 2.9802322e-08
55.63263445 55.63263445 51.752304
18.09100277 18.09100277 21.173792
5.76463484 5.76463484 8.532012
0.55533767 0.55533767 1.3390663
0.05007173 0.05007173 0.20150203
0.00425972 0.00425972 0.029257655
0.00033846 0.00033846 0.004140973
6.96e-06 6.96e-06 0.00021392852
2.3e-07 2.3e-07 1.0825694e-05
-5e-08 -5e-08 5.438924e-07
16.11782635 16.11782635 17.153118
0.52321556 0.52321556 1.0414051
0.01743872 0.01743872 0.056165725
0.00058406 0.00058406 0.0027692616
8e-08 8e-08 5.9604645e-06
-1.1e-07 -1.1e-07 0.0
3.94e-06 3.94e-06 0.0
-0.0 -0.0 0.0
-0.0 -0.0 0.0
-0.06255779 -0.06255779 0.0
-0.0 -0.0 0.0
3.81034804 3.81034804 8.300559
0.0950015 0.0950015 0.5126731
0.00219155 0.00219155 0.031127378
4.718e-05 4.718e-05 0.0019085333
-3.5e-07 -3.5e-07 7.2717667e-06
-1.535e-05 -1.535e-05 2.9802322e-08
-1.146e-05 -1.146e-05 7.450581e-09
0.0 0.0 -7.450581e-09
0.0 0.0 -7.450581e-09
-0.00108618 -0.00108618 0.0
0.0 0.0 -7.450581e-09
17.75956455 17.75956455 22.120548
2.80946541 2.80946541 4.7981734
0.42499115 0.42499115 1.0331373
0.06242089 0.06242089 0.22401202
0.00125611 0.00125611 0.010936499
2.149e-05 2.149e-05 0.0005598664
4e-08 4e-08 2.9683113e-05
-3.9e-07 -3.9e-07 1.66893e-06
-2e-08 -2e-08 2.9802322e-08
-3.177e-05 -3.177e-05 5.9604645e-08
1e-08 1e-08 2.9802322e-08
3.94967188 3.94967188 4.4016476
0.09030922 0.09030922 0.14710724
0.00187367 0.00187367 0.0056843758
3.577e-05 3.577e-05 0.00025752187
-2.9e-07 -2.9e-07 7.003546e-07
0.0 0.0 0.0
-3.57e-06 -3.57e-06 0.0
0.0 0.0 1.4901161e-08
-0.03849424 -0.03849424 1.4901161e-08
0.0 0.0 0.0
0.0 0.0 1.4901161e-08
23.45885432 23.45885432 18.803858
0.69688421 0.69688421 1.148144
0.01853239 0.01853239 0.060522914
0.00046657 0.00046657 0.003079459
4e-08 4e-08 8.59797e-06
4e-08 4e-08 1.4901161e-08
-1e-08 -1e-08 0.0
0.0 0.0 -2.2351742e-08
0.0 0.0 0.0
-0.00538915 -0.00538915 0.0
0.0 0.0 0.0
104.81868306 104.81868306 104.38634
46.98974766 46.98974766 50.476673
20.67825957 20.67825957 23.583597
8.98388974 8.98388974 10.759871
3.86236794 3.86236794 4.8320713
0.698053 0.698053 0.9504855
0.12373225 0.12373225 0.1854129
0.02171363 0.02171363 0.036531404
0.00373304 0.00373304 0.007339552
0.00025338 0.00025338 0.000691846
1.624e-05 1.624e-05 6.867945e-05
2.06e-06 2.06e-06 7.927418e-06
11.2388164 11.2388164 20.199375
0.50941203 0.50941203 1.6184158
0.02154861 0.02154861 0.1134615
0.00082049 0.00082049 0.0072570075
1.06e-06 1.06e-06 2.5502872e-05
5.8e-07 5.8e-07 6.798655e-08
-1e-07 -1e-07 9.313226e-10
1e-08 1e-08 6.9849193e-09
-0.0 -0.0 -6.9849193e-09
-0.00476801 -0.00476801 -6.9849193e-09
-0.00553566 -0.00553566 -6.9849193e-09
64.75936502 64.75936502 82.97015
12.78249689 12.78249689 22.423742
2.38584434 2.38584434 5.614002
0.42240733 0.42240733 1.3207982
0.0117137 0.0117137 0.064478606
0.00028021 0.00028021 0.0028912723
5.91e-06 5.91e-06 0.00012716651
-6.5e-07 -6.5e-07 5.6624413e-06
-2e-08 -2e-08 4.4703484e-08
-2e-08 -2e-08 0.0
-0.0 -0.0 0.0
60.27731706 60.27731706 74.34313
17.22785253 17.22785253 27.952848
4.6914554 4.6914554 9.849228
1.23552188 1.23552188 3.3130054
0.31810205 0.31810205 1.0770153
0.02027542 0.02027542 0.10607898
0.00125283 0.00125283 0.0098468065
7.588e-05 7.588e-05 0.0008852482
4.9e-06 4.9e-06 7.843971e-05
3e-08 3e-08 2.0861626e-06
-4e-07 -4e-07 5.9604645e-08
-8e-08 -8e-08 0.0
10.06307269 10.06307269 17.417427
0.20514812 0.20514812 0.8244579
0.00360178 0.00360178 0.03637016
5.791e-05 5.791e-05 0.0017000437
1.4e-07 1.4e-07 4.529953e-06
-0.0 -0.0 2.9802322e-08
-4.63e-06 -4.63e-06 0.0
0.0 0.0 0.0
-0.0 -0.0 0.0
-0.0 -0.0 2.9802322e-08
-0.0 -0.0 1.4901161e-07
7.58915761 7.58915761 9.052483
0.1118878 0.1118878 0.3158788
0.00147192 0.00147192 0.010516427
1.598e-05 1.598e-05 0.00036668032
-6e-08 -6e-08 5.1409006e-07
1e-08 1e-08 7.450581e-09
-1e-08 -1e-08 0.0
0.0 0.0 -7.450581e-09
-0.49922609 -0.49922609 0.0
-0.0 -0.0 4.4703484e-08
0.0 0.0 0.0004556775
76.1296054 76.1296054 44.61869
37.49851682 37.49851682 25.480074
18.26411931 18.26411931 14.294107
4.21633686 4.21633686 4.30788
0.94585382 0.94585382 1.241344
0.20781165 0.20781165 0.34597492
0.0449523 0.0449523 0.094050564
0.00443101 0.00443101 0.012891114
0.00041209 0.00041209 0.0017199814
3.526e-05 3.526e-05 0.00022593886
38.49766626 38.49766626 32.48896
2.54130298 2.54130298 2.5735087
0.14071097 0.14071097 0.17421383
0.00684824 0.00684824 0.010815106
1.151e-05 1.151e-05 3.7424266e-05
5e-08 5e-08 1.1920929e-07
1e-07 1e-07 -7.450581e-09
1e-08 1e-08 0.0
2e-08 2e-08 0.0
0.0 0.0 -7.450581e-09
-0.00192546 -0.00192546 0.0
37.18753943 37.18753943 36.207485
3.26998418 3.26998418 4.671796
0.27157447 0.27157447 0.5353711
0.02186401 0.02186401 0.058324873
0.00013489 0.00013489 0.000682354
-1.9e-07 -1.9e-07 8.34465e-06
8e-08 8e-08 5.9604645e-08
-1e-08 -1e-08 0.0
-1e-08 -1e-08 0.0
0.0 0.0 0.0
-0.0 -0.0 0.0
14.87726555 14.87726555 17.219542
1.19822579 1.19822579 2.2891557
0.08057988 0.08057988 0.29652056
0.00024543 0.00024543 0.0049185604
1.36e-06 1.36e-06 7.69496e-05
-2.2e-07 -2.2e-07 1.1175871e-06
-6e-08 -6e-08 2.9802322e-08
-0.0 -0.0 1.4901161e-08
0.0 0.0 1.4901161e-08
0.0 0.0 0.0
19.65166018 19.65166018 26.90926
0.57997261 0.57997261 1.5702827
0.01373608 0.01373608 0.078953624
0.00028316 0.00028316 0.003991276
-3.9e-07 -3.9e-07 1.14142895e-05
1e-07 1e-07 2.9802322e-08
1.05e-06 1.05e-06 0.0
0.0 0.0 0.0
0.0 0.0 0.0
-0.0 -0.0 0.0
0.0 0.0 0.0
37.96307923 37.96307923 38.57379
3.7818902 3.7818902 5.6814165
0.34873122 0.34873122 0.74560654
0.02967033 0.02967033 0.09080333
0.00017863 0.00017863 0.0013128778
9.7e-07 9.7e-07 2.0925538e-05
-7.51e-06 -7.51e-06 3.5774428e-07
5e-08 5e-08 1.0826625e-08
-2.704e-05 -2.704e-05 2.7939677e-09
1e-08 1e-08 2.7939677e-09
-0.0 -0.0 2.7939677e-09
12.8868613 12.8868613 6.154437
0.35513072 0.35513072 0.30631995
0.00925208 0.00925208 0.013671905
0.00022964 0.00022964 0.0005825311
-2e-08 -2e-08 1.0579824e-06
-2.926e-05 -2.926e-05 2.9802322e-08
-1e-08 -1e-08 2.9802322e-08
-0.0 -0.0 -1.4901161e-08
0.0 0.0 -2.9802322e-08
0.0 0.0 -2.9802322e-08
0.0 0.0 -2.9802322e-08
3.03288892 3.03288892 4.252622
0.04130672 0.04130672 0.08917813
0.00047189 0.00047189 0.002112329
4.59e-06 4.59e-06 5.878508e-05
-7e-08 -7e-08 2.9802322e-08
-1e-08 -1e-08 -1.4901161e-08
-8.5e-07 -8.5e-07 -1.4901161e-08
0.0 0.0 -1.4901161e-08
0.0 0.0 1.4901161e-08
0.0 0.0 1.4901161e-08
0.0 0.0 1.0117888e-05
12.86386643 12.86386643 11.117955
0.4043217 0.4043217 0.47233993
0.01192911 0.01192911 0.017847061
0.00032955 0.00032955 0.0006855801
-3e-07 -3e-07 1.206994e-06
-1.7e-07 -1.7e-07 0.0
-1e-08 -1e-08 0.0
-3.45e-06 -3.45e-06 0.0
-0.0 -0.0 -3.7252903e-09
-0.00499953 -0.00499953 -3.7252903e-09
0.0 0.0 -3.7252903e-09
82.15658591 82.15658591 76.28384
8.73478638 8.73478638 9.908999
0.67380225 0.67380225 1.0444332
0.04393833 0.04393833 0.107349396
0.00259165 0.00259165 0.011500299
8.36e-06 8.36e-06 0.00015282631
-4.5e-07 -4.5e-07 2.2947788e-06
-3.6e-07 -3.6e-07 2.9802322e-08
-3.009e-05 -3.009e-05 0.0
0.0 0.0 0.0
-0.0 -0.0 3.002584e-06
-0.01921733 -0.01921733 0.00029817224
10.93127484 10.93127484 13.726548
0.35847735 0.35847735 0.5723078
0.01017171 0.01017171 0.020180836
0.0002522 0.0002522 0.00069889426
-8e-08 -8e-08 1.013279e-06
1.9e-07 1.9e-07 -1.4901161e-08
-2e-08 -2e-08 -1.4901161e-08
-1.43e-06 -1.43e-06 0.0
-0.0 -0.0 -1.4901161e-08
-0.00645245 -0.00645245 -1.4901161e-08
0.0 0.0 0.0
138.79844737 138.79844737 136.17935
6.43458209 6.43458209 9.119972
0.23634254 0.23634254 0.50232995
0.00742782 0.00742782 0.025915906
0.00020354 0.00020354 0.0013522506
-7.4e-07 -7.4e-07 4.261732e-06
2.5e-07 2.5e-07 0.0
-0.0 -0.0 -1.4901161e-08
-2.515e-05 -2.515e-05 0.0
-0.0 -0.0 0.0
-0.00930634 -0.00930634 0.0
0.0 0.0 0.0
23.89581267 23.89581267 17.205786
4.39565968 4.39565968 4.4021063
0.79598616 0.79598616 1.0720992
0.02546733 0.02546733 0.057783715
0.00081224 0.00081224 0.0028952137
2.381e-05 2.381e-05 0.00014041364
8e-07 8e-07 6.7427754e-06
1e-07 1e-07 6.7055225e-08
2e-08 2e-08 7.450581e-09
-0.0 -0.0 0.0
17.89175103 17.89175103 10.791958
0.43397663 0.43397663 0.4119143
0.00875408 0.00875408 0.011866972
0.00015598 0.00015598 0.00029948354
2e-07 2e-07 1.7881393e-07
1e-08 1e-08 -1.4901161e-08
-0.0 -0.0 -1.4901161e-08
0.0 0.0 0.0
0.0 0.0 0.0
0.0 0.0 -1.4901161e-08
-0.0 -0.0 0.0
71.64976534 71.64976534 67.49473
18.11314776 18.11314776 20.884497
4.43991436 4.43991436 5.9899015
1.06637502 1.06637502 1.6255212
0.0589941 0.0589941 0.10732485
0.00310803 0.00310803 0.006518215
0.0001568 0.0001568 0.00038152933
7.49e-06 7.49e-06 2.2143126e-05
1.4e-07 1.4e-07 2.9802322e-07
-3e-08 -3e-08 0.0
-2e-08 -2e-08 0.0
9.89124266 9.89124266 7.726365
0.19488205 0.19488205 0.1944736
0.00336901 0.00336901 0.0044641197
4.849e-05 4.849e-05 0.0001052022
-4e-08 -4e-08 -2.9802322e-08
1e-08 1e-08 0.0
-4.5e-07 -4.5e-07 0.0
-1e-08 -1e-08 -5.9604645e-08
-0.00378478 -0.00378478 0.0
-0.0 -0.0 0.0
0.0 0.0 0.0
8.64500082 8.64500082 10.865523
0.26607133 0.26607133 0.37065154
0.00722388 0.00722388 0.012570456
0.00017867 0.00017867 0.00050486624
-8.8e-07 -8.8e-07 1.244247e-06
9e-08 9e-08 0.0
1e-08 1e-08 0.0
-7.37e-06 -7.37e-06 -1.4901161e-08
0.0 0.0 -1.4901161e-08
-0.0 -0.0 -1.4901161e-08
0.0 0.0 -1.4901161e-08
8.06094122 8.06094122 6.8327785
0.07982335 0.07982335 0.19505173
0.00072223 0.00072223 0.005611062
5.47e-06 5.47e-06 0.00016492605
3.3e-07 3.3e-07 1.1920929e-07
-1e-08 -1e-08 0.0
0.0 0.0 0.0
0.0 0.0 0.0
0.0 0.0 0.0
-0.0 -0.0 -2.9802322e-08
-0.0 -0.0 0.0
106.42969248 106.42969248 102.521034
56.36098436 56.36098436 58.126976
15.11404968 15.11404968 17.107405
3.77652936 3.77652936 4.546606
0.88438749 0.88438749 1.1291536
0.19844042 0.19844042 0.27126306
0.01970059 0.01970059 0.031783566
0.0018564 0.0018564 0.0038742274
0.00016157 0.00016157 0.00049960613
26.1750006 26.1750006 25.746376
3.12944734 3.12944734 3.878941
0.33278286 0.33278286 0.51844585
0.03261032 0.03261032 0.06777792
0.00026148 0.00026148 0.0013319254
6.2e-07 6.2e-07 3.221631e-05
4.7e-07 4.7e-07 8.6426735e-07
-6.45e-06 -6.45e-06 4.4703484e-08
-0.0 -0.0 0.0
-0.0 -0.0 0.0
-0.0 -0.0 0.0
6.80144353 6.80144353 11.032201
0.28503433 0.28503433 0.8576665
0.01102907 0.01102907 0.06493017
0.00040571 0.00040571 0.0050298125
1.83e-06 1.83e-06 3.299117e-05
1.3e-07 1.3e-07 2.3841858e-07
-2e-08 -2e-08 2.9802322e-08
0.0 0.0 0.0
-1e-08 -1e-08 2.9802322e-08
-0.0 -0.0 0.0
0.0 0.0 2.9802322e-08
66.62695893 66.62695893 60.973717
1.06079692 1.06079692 1.2075068
0.01285517 0.01285517 0.02064678
0.00013947 0.00013947 0.000441581
9e-07 9e-07 1.1473894e-05
-2e-08 -2e-08 2.9802322e-08
-2e-08 -2e-08 2.9802322e-08
0.0 0.0 1.4901161e-08
0.0 0.0 4.4703484e-08
-0.00071977 -0.00071977 2.9802322e-08
0.0 0.0 2.9802322e-08
0.0 0.0 2.9802322e-08
7.91502626 7.91502626 10.692174
0.45839611 0.45839611 0.78406054
0.02520772 0.02520772 0.052815437
0.00131814 0.00131814 0.0035585538
2.7e-06 2.7e-06 1.8946826e-05
-1.7e-07 -1.7e-07 1.3411045e-07
-2e-08 -2e-08 1.4901161e-08
0.0 0.0 0.0
-2.45e-06 -2.45e-06 9.685755e-08
0.0 0.0 6.322563e-05
-0.0 -0.0 0.05697462
114.9457948 114.9457948 119.26774
20.79154146 20.79154146 31.733727
3.66455294 3.66455294 7.6887717
0.64213855 0.64213855 1.7499708
0.1121911 0.1121911 0.38160264
0.00347922 0.00347922 0.01678896
0.00010687 0.00010687 0.00070512295
2.18e-06 2.18e-06 2.9742718e-05
6e-07 6e-07 1.3709068e-06
1.4e-07 1.4e-07 0.0
-1e-08 -1e-08 0.0
-0.0 -0.0 0.0
52.42188516 52.42188516 50.02348
8.69041681 8.69041681 9.490277
1.39485677 1.39485677 1.6864195
0.21874232 0.21874232 0.29482198
0.00510884 0.00510884 0.009517178
0.00010788 0.00010788 0.00034672022
2.41e-06 2.41e-06 1.3887882e-05
-2e-07 -2e-07 6.109476e-07
1.3e-07 1.3e-07 -1.4901161e-08
-1.52e-06 -1.52e-06 0.0
0.0 0.0 0.0
2.4221203 2.4221203 3.433798
0.03187074 0.03187074 0.08722225
0.00035089 0.00035089 0.0024010837
4e-06 4e-06 7.43866e-05
-1.2e-07 -1.2e-07 7.4505806e-08
-0.0 -0.0 0.0
0.0 0.0 0.0
0.0 0.0 0.0
0.0 0.0 0.0
-0.0 -0.0 7.748604e-07
0.0 0.0 0.09165335
41.93799386 41.93799386 93.123795
3.69947349 3.69947349 13.935661
0.30446741 0.30446741 1.7896118
0.00184182 0.00184182 0.20868441
1.105e-05 1.105e-05 0.0024375916
1.5e-07 1.5e-07 2.6196241e-05
3e-08 3e-08 1.4901161e-07
-3.72e-06 -3.72e-06 -2.0861626e-07
0.0 0.0 -1.1920929e-07
0.0 0.0 -1.7881393e-07
7.42690233 7.42690233 8.734484
0.0813147 0.0813147 0.15873723
0.00078446 0.00078446 0.002153188
6.94e-06 6.94e-06 2.5838614e-05
8e-08 8e-08 0.0
-1.358e-05 -1.358e-05 0.0
-7.3e-07 -7.3e-07 0.0
0.0 0.0 1.4901161e-08
0.0 0.0 0.0
-0.0 -0.0 0.0
0.0 0.0 0.0
7.28838235 7.28838235 7.783571
0.42367019 0.42367019 0.48926958
0.02349096 0.02349096 0.031917803
0.00125178 0.00125178 0.002335392
1.76e-06 1.76e-06 1.718849e-05
-3.7e-07 -3.7e-07 1.8253922e-07
-4e-08 -4e-08 0.0
-1.1e-06 -1.1e-06 -7.450581e-09
-5e-06 -5e-06 8.940697e-08
-0.0 -0.0 0.0003676936
-0.62513592 -0.62513592 0.5554199
14.24044526 14.24044526 15.7198305
0.63929278 0.63929278 0.89528275
0.02505703 0.02505703 0.050394416
0.0008978 0.0008978 0.0031602383
1.01e-06 1.01e-06 1.692772e-05
4.6e-07 4.6e-07 1.1920929e-07
-4.8e-06 -4.8e-06 0.0
-8.2e-07 -8.2e-07 0.0
-4.9e-07 -4.9e-07 0.0
-0.08862059 -0.08862059 0.0
-0.0 -0.0 0.0
117.04243422 117.04243422 107.69316
61.49317473 61.49317473 64.550934
16.73789833 16.73789833 22.6121
4.46143434 4.46143434 7.665493
1.16154085 1.16154085 2.5230708
0.29650455 0.29650455 0.81033057
0.03690258 0.03690258 0.14256428
0.00440874 0.00440874 0.024453208
0.00050912 0.00050912 0.004148096
79.17726097 79.17726097 91.86503
8.32156924 8.32156924 15.665768
0.74054614 0.74054614 2.2870817
0.05914947 0.05914947 0.30519903
0.00434376 0.00434376 0.038861334
1.682e-05 1.682e-05 0.0006171167
2e-08 2e-08 1.0296702e-05
7e-08 7e-08 1.7881393e-07
1e-08 1e-08 -1.4901161e-08
-4.756e-05 -4.756e-05 0.0
0.0 0.0 -1.4901161e-08
-0.0 -0.0 1.4901161e-08
57.12177436 57.12177436 59.734123
2.04864626 2.04864626 3.3312576
0.04789511 0.04789511 0.12928611
0.00093442 0.00093442 0.005073726
1.62e-06 1.62e-06 1.0430813e-05
-3e-08 -3e-08 0.0
-0.0 -0.0 0.0
-5.7e-07 -5.7e-07 0.0
0.0 0.0 0.0
0.0 0.0 0.0
-0.0 -0.0 0.0
4.43599479 4.43599479 3.2768736
0.04096985 0.04096985 0.07983452
0.00033479 0.00033479 0.0017319918
2.36e-06 2.36e-06 3.5345554e-05
3.1e-07 3.1e-07 0.0
0.0 0.0 0.0
-0.0 -0.0 0.0
0.0 0.0 0.0
-0.00883909 -0.00883909 0.0
-0.0 -0.0 3.0398369e-06
-0.0 -0.0 0.016201138
59.87931026 59.87931026 71.136154
4.96361856 4.96361856 7.7732124
0.31194114 0.31194114 0.5924525
0.01721118 0.01721118 0.0389836
0.00088166 0.00088166 0.0024772733
1.67e-06 1.67e-06 1.1071563e-05
3e-07 3e-07 1.0430813e-07
-1.7e-07 -1.7e-07 1.4901161e-08
0.0 0.0 7.450581e-09
1e-08 1e-08 -8.195639e-08
-0.0 -0.0 6.328523e-05
0.0 0.0 0.039058015
