0.00E+00	0.00E+00
7.50E-03	0.00E+00
3.00E-02	0.00E+00
6.00E-02	0.00E+00
9.00E-02	0.00E+00
0.12	0.00E+00
0.15	0.00E+00
0.18	0.00E+00
0.21	0.00E+00
0.24	0.00E+00
0.27	0.00E+00
0.3	0.00E+00
0.33	0.00E+00
0.36	0.00E+00
0.39	0.00E+00
0.42	0.00E+00
0.45	0.00E+00
0.48	0.00E+00
0.51	0.00E+00
0.54	0.00E+00
0.5699999	0.00E+00
0.5999999	0.00E+00
0.6299999	0.00E+00
0.6599998	0.00E+00
0.6899998	0.00E+00
0.7199998	0.00E+00
0.7499998	0.00E+00
0.7799997	0.00E+00
0.8099997	0.00E+00
0.8399997	0.00E+00
0.8699996	0.00E+00
0.8999996	0.00E+00
0.9299996	0.00E+00
0.9599996	0.00E+00
0.9899995	0.00E+00
1.02	0.00E+00
1.049999	0.00E+00
1.079999	0.00E+00
1.109999	0.00E+00
1.139999	0.00E+00
1.169999	0.00E+00
1.199999	0.00E+00
1.229999	0.00E+00
1.259999	0.00E+00
1.289999	0.00E+00
1.319999	0.00E+00
1.349999	0.00E+00
1.379999	0.00E+00
1.409999	0.00E+00
1.439999	0.00E+00
1.469999	0.00E+00
1.499999	0.00E+00
1.529999	0.00E+00
1.559999	0.00E+00
1.589999	0.00E+00
1.619999	0.00E+00
1.649999	0.00E+00
1.679999	0.00E+00
1.709999	0.00E+00
1.739999	0.00E+00
1.769999	0.00E+00
1.799999	0.00E+00
1.829999	0.00E+00
1.859999	0.00E+00
1.889999	0.00E+00
1.919999	0.00E+00
1.949999	0.00E+00
1.979999	0.00E+00
2.009999	0.00E+00
2.039999	0.00E+00
2.069999	0.00E+00
2.099998	0.00E+00
2.129998	0.00E+00
2.159998	0.00E+00
2.189998	0.00E+00
2.219998	0.00E+00
2.249998	3.68E-05
2.279998	4.44E-04
2.309998	1.42E-03
2.339998	4.59E-03
2.369998	1.04E-02
2.399998	2.32E-02
2.429998	5.32E-02
2.459998	1.15E-01
2.489998	2.47E-01
2.519998	0.4515013
2.549998	0.7778286
2.579998	1.177966
2.609998	1.635739
2.639998	2.078398
2.669998	2.444141
2.699998	2.6605
2.729998	2.750478
2.759998	2.741458
2.789998	2.620422
2.819998	2.437901
2.849998	2.234889
2.879998	2.008149
2.909998	1.797941
2.939998	1.605115
2.969998	1.439321
2.999998	1.29406
3.029998	1.188888
3.059998	1.086614
3.089998	1.016223
3.119998	0.9471452
3.149997	0.9015113
3.179997	0.8616711
3.209997	0.8403011
3.239997	0.8191254
3.269997	0.8073213
3.299997	0.7942226
3.329997	0.7836796
3.359997	0.7800003
3.389997	0.7874304
3.419997	0.7879868
3.449997	0.7902403
3.479997	0.7979103
3.509997	0.7992695
3.539997	0.8073941
3.569997	0.8210387
3.599997	0.8286147
3.629997	0.8449718
3.659997	0.8517148
3.689997	0.8747811
3.719997	0.891052
3.749997	0.9066138
3.779997	0.9170968
3.809997	0.9353535
3.839997	0.9548444
3.869997	0.9761706
3.899997	0.989208
3.929997	1.003233
3.959997	1.021954
3.989997	1.025584
4.019997	1.034068
4.049997	1.055291
4.079998	1.066937
4.109998	1.072347
4.139998	1.084788
4.169998	1.085427
4.199998	1.100055
4.229999	1.103062
4.259999	1.114598
4.289999	1.126783
4.319999	1.127537
4.349999	1.134589
4.38	1.140263
4.41	1.151283
4.44	1.151908
4.47	1.154902
4.5	1.160721
4.530001	1.160673
4.560001	1.153215
4.590001	1.157929
4.620001	1.15165
4.650002	1.143771
4.680002	1.139757
4.710002	1.13149
4.740002	1.116257
4.770002	1.109652
4.800003	1.096387
4.830003	1.084768
4.860003	1.071471
4.890003	1.057181
4.920003	1.045705
4.950004	1.032087
4.980004	1.019307
5.010004	1.00253
5.040004	0.9872173
5.070004	0.9773894
5.100005	0.9638448
5.130005	0.9535507
5.160005	0.938164
5.190005	0.9295661
5.220006	0.9196875
5.250006	0.9138566
5.280006	0.9084564
5.310006	0.899601
5.340006	0.8936439
5.370007	0.8887704
5.400007	0.883666
5.430007	0.8827149
5.460007	0.8795737
5.490007	0.8834169
5.520008	0.8810109
5.550008	0.878906
5.580008	0.8772315
5.610008	0.8827453
5.640008	0.8824743
5.670009	0.8862094
5.700009	0.8917826
5.730009	0.8976791
5.760009	0.9026673
5.790009	0.9073505
5.82001	0.9130673
5.85001	0.920964
5.88001	0.9290558
5.91001	0.9331741
5.940011	0.9387136
5.970011	0.951235
6.000011	0.9558408
6.030011	0.9609219
6.060011	0.96367
6.090012	0.9708414
6.120012	0.980378
6.150012	0.9879083
6.180012	0.9892616
6.210012	0.9994189
6.240013	1.004968
6.270013	1.011831
6.300013	1.01615
6.330013	1.022682
6.360013	1.025996
6.390014	1.028574
6.420014	1.033839
6.450014	1.039039
6.480014	1.043233
6.510015	1.04424
6.540015	1.05063
6.570015	1.050528
6.600015	1.050625
6.630015	1.051717
6.660016	1.057765
6.690016	1.057092
6.720016	1.058475
6.750016	1.059406
6.780016	1.061289
6.810017	1.058694
6.840017	1.058682
6.870017	1.059088
6.900017	1.057881
6.930017	1.055893
6.960018	1.055734
6.990018	1.057651
7.020018	1.05275
7.050018	1.048192
7.080019	1.043267
7.110019	1.042491
7.140019	1.038092
7.170019	1.036644
7.200019	1.032196
7.23002	1.029268
7.26002	1.025189
7.29002	1.020222
7.32002	1.018023
7.35002	1.013832
7.380021	1.009232
7.410021	1.008945
7.440021	1.005368
7.470021	0.9982556
7.500021	0.9973147
7.530022	0.9926816
7.560022	0.989264
7.590022	0.9856818
7.620022	0.9825418
7.650023	0.9806194
7.680023	0.9793572
7.710023	0.975174
7.740023	0.9784985
7.770023	0.9758866
7.800024	0.9717006
7.830024	0.972055
7.860024	0.9714724
7.890024	0.9704607
7.920024	0.9702045
7.950025	0.9709283
7.980025	0.9730079
8.010024	0.9730635
8.040024	0.974731
8.070024	0.9762729
8.100023	0.9776741
8.130023	0.9764012
8.160023	0.9790957
8.190022	0.9813725
8.220022	0.9839786
8.250022	0.9857554
8.280022	0.986381
8.310021	0.9867296
8.340021	0.9899862
8.370021	0.9897984
8.400021	0.9930689
8.43002	0.9923584
8.46002	0.9951777
8.49002	0.9938986
8.52002	0.996527
8.550019	0.9990824
8.580019	0.9992037
8.610019	0.9978844
8.640018	0.9995075
8.670018	0.9991942
8.700018	1.00107
8.730018	1
8.760017	0.9998036
8.790017	0.9989501
8.820017	1.001059
8.850017	0.9998525
8.880016	0.9991792
8.910016	0.9985895
8.940016	1.000785
8.970016	1.003029
9.000015	1.001644
9.030015	1.000288
9.060015	1.000168
9.090014	1.001215
9.120014	1.003141
9.150014	1.003159
9.180014	1.003395
9.210013	1.001655
9.240013	1.002577
9.270013	1.003379
9.300013	1.001941
9.330012	1.006279
9.360012	1.003079
9.390012	1.004206
9.420012	1.00486
9.450011	1.004074
9.480011	1.001807
9.510011	1.002746
9.54001	1.001901
9.57001	1.002837
9.60001	1.004624
9.63001	1.002691
9.660009	1.00359
9.690009	1.00348
9.720009	1.002195
9.750009	1.003485
9.780008	1.002246
9.810008	1.000576
9.840008	1.003964
9.870008	1.001624
9.900007	1.00118
9.930007	1.002708
9.960007	1.003867
9.990006	1.004679
10.02001	1.003095
10.05001	1.004657
10.08001	1.005281
10.11001	1.00379
10.14001	1.005208
10.17	1.00684
10.2	1.004486
10.23	1.004783
10.26	1.006144
10.29	1.0028
10.32	1.00647
10.35	1.003886
10.38	1.003743
10.41	1.005918
10.44	1.006384
10.47	1.006721
10.5	1.003334
10.53	1.003597
10.56	1.002646
10.59	1.005069
10.62	1.002882
10.65	1.003616
10.68	1.003562
10.71	1.005396
10.74	1.00527
10.77	1.001126
10.8	1.003721
10.83	1.003117
10.86	1.001877
10.89	1.001346
10.92	1.003427
10.95	1.000085
10.98	1.001601
11.01	1.000547
11.04	1.00199
11.07	0.9987745
11.1	1.000454
11.13	0.9995386
11.16	0.999768
11.19	1.000575
11.22	0.9990068
11.25	0.9999112
11.27999	0.9996253
11.30999	0.9969959
11.33999	0.9981893
11.36999	0.9966745
11.39999	0.9955378
11.42999	0.9950005
11.45999	0.9947599
11.48999	0.9931349
11.51999	0.9952046
11.54999	0.9940413
11.57999	0.9947714
11.60999	0.9939804
11.63999	0.9963487
11.66999	0.9942762
11.69999	0.9949928
11.72999	0.9931981
11.75999	0.9933754
11.78999	0.995215
11.81999	0.9963378
11.84999	0.993822
11.87999	0.9945114
11.90999	0.9955375
11.93999	0.9948949
11.96999	0.9950398
11.99999	0.9951226
12.02999	0.9957833
12.05999	0.9959788
12.08999	0.9940588
12.11999	0.9955115
12.14999	0.9970798
12.17999	0.9966902
12.20999	0.9954905
12.23999	0.9970434
12.26999	0.9980369
12.29999	0.9972447
12.32999	0.9970769
12.35999	0.9984494
12.38999	0.9994074
12.41998	0.9976634
12.44998	0.9990629
12.47998	0.9998347
12.50998	0.998784
12.53998	1.000475
12.56998	1.002153
12.59998	1.002192
12.62998	1.002309
12.65998	1.004136
12.68998	1.003143
12.71998	1.004154
12.74998	1.00674
12.77998	1.00639
12.80998	1.003877
12.83998	1.005786
12.86998	1.005978
12.89998	1.005519
12.92998	1.006876
12.95998	1.005418
12.98998	1.004943
13.01998	1.005331
13.04998	1.005634
13.07998	1.004768
13.10998	1.003979
13.13998	1.004362
13.16998	1.004619
13.19998	1.00329
13.22998	1.003454
13.25998	1.003435
13.28998	1.004632
13.31998	1.002597
13.34998	1.003314
13.37998	1.003782
13.40998	1.001495
13.43998	1.000591
13.46998	1.000123
13.49998	1.001779
13.52997	1.001788
13.55997	1.000483
13.58997	1.001095
13.61997	0.999714
13.64997	0.9981456
13.67997	0.9995257
13.70997	0.9996956
13.73997	1.000001
13.76997	0.998847
13.79997	1.000194
13.82997	0.9985591
13.85997	0.9982964
13.88997	0.9992488
13.91997	1.000209
13.94997	0.9988368
13.97997	0.9979627
14.00997	0.9979408
14.03997	0.9976818
14.06997	0.996776
14.09997	0.9975981
14.12997	0.9971069
14.15997	0.9969415
14.18997	0.9967518
14.21997	0.9985687
14.24997	0.9973835
14.27997	0.9979188
14.30997	0.9965015
14.33997	0.9972618
14.36997	0.9973894
14.39997	0.9980615
14.42997	0.9981502
14.45997	0.9988666
14.48997	0.9985693
14.51997	1.001629
14.54997	0.9976696
14.57997	0.9995285
14.60997	0.999294
14.63997	1.00008
14.66996	0.99972
14.69996	0.9994077
14.72996	0.9997832
14.75996	0.9989546
14.78996	1.000661
14.81996	0.9967945
14.84996	0.9973351
14.87996	0.9992819
14.90996	0.998843
14.93996	0.9984154
14.96996	0.9973823
14.99996	0.9977349
15.02996	0.9971173
15.05996	0.9988119
15.08996	0.99809
15.11996	0.9967191
15.14996	0.9997198
15.17996	0.9961564
15.20996	0.9978762
15.23996	0.9985988
15.26996	0.9960222
15.29996	0.9975676
15.32996	1.000606
15.35996	0.9999873
15.38996	0.9996374
15.41996	0.9995773
15.44996	0.9999313
15.47996	1.002347
15.50996	1.00169
15.53996	1.003672
15.56996	1.000091
15.59996	0.99872
15.62996	1.001842
15.65996	1.001578
15.68996	1.002507
15.71996	1.000455
15.74996	1.003652
15.77995	1.003768
15.80995	0.9994087
15.83995	1.001315
15.86995	1.001498
15.89995	0.9996763
15.92995	1.001091
15.95995	1.00192
15.98995	1.000639
16.01995	1.002874
16.04996	1.001779
16.07996	1.000815
16.10996	1.0011
16.13996	1.002051
16.16996	1.002348
16.19996	1.001698
16.22996	1.001032
16.25996	1.002447
16.28996	1.00366
16.31996	0.9999981
16.34996	1.003476
16.37996	1.000544
16.40996	1.003691
16.43996	1.003987
16.46996	1.003777
16.49997	1.001574
16.52997	1.002955
16.55997	1.001396
16.58997	1.005126
16.61997	1.000708
16.64997	1.002486
16.67997	1.003811
16.70997	1.003787
16.73997	1.003972
16.76997	1.005883
16.79997	1.005969
16.82997	1.003485
16.85997	1.004083
16.88997	1.003318
16.91998	1.00351
16.94998	1.001889
16.97998	1.002337
17.00998	1.003591
17.03998	1.001409
17.06998	0.9999763
17.09998	1.002573
17.12998	0.9961298
17.15998	0.9966438
17.18998	0.999743
17.21998	0.9958271
17.24998	0.997729
17.27998	0.9943774
17.30998	0.9928188
17.33998	0.9942447
17.36999	0.994
17.39999	0.9925032
17.42999	0.9938258
17.45999	0.9912301
17.48999	0.9930652
17.51999	0.9900817
17.54999	0.990979
17.57999	0.992236
17.60999	0.9892259
17.63999	0.9887735
17.66999	0.9914894
17.69999	0.987682
17.72999	0.990918
1.78E+01	0.9900305
17.79	0.9898648
17.82	0.9999992
