0.00E+00	0.00E+00
7.50E-03	0.00E+00
3.00E-02	0.00E+00
6.00E-02	0.00E+00
9.00E-02	0.00E+00
0.12	0.00E+00
0.15	0.00E+00
0.18	0.00E+00
0.21	0.00E+00
0.24	0.00E+00
0.27	0.00E+00
0.3	0.00E+00
0.33	0.00E+00
0.36	0.00E+00
0.39	0.00E+00
0.42	0.00E+00
0.45	0.00E+00
0.48	0.00E+00
0.51	0.00E+00
0.54	0.00E+00
0.5699999	0.00E+00
0.5999999	0.00E+00
0.6299999	1.17E-03
0.6599998	1.07E-03
0.6899998	1.56E-02
0.7199998	1.05E-01
0.7499998	2.89E-01
0.7799997	7.29E-01
0.8099997	1.77E+00
0.8399997	3.41E+00
0.8699996	5.90E+00
0.8999996	8.50E+00
0.9299996	1.10E+01
0.9599996	1.27E+01
0.9899995	1.23E+01
1.02	9.88E+00
1.049999	7.80E+00
1.079999	4.75E+00
1.109999	2.59E+00
1.139999	1.33E+00
1.169999	5.49E-01
1.199999	2.32E-01
1.229999	9.40E-02
1.259999	5.02E-02
1.289999	4.01E-02
1.319999	5.10E-02
1.349999	6.96E-02
1.379999	9.75E-02
1.409999	1.39E-01
1.439999	1.86E-01
1.469999	2.53E-01
1.499999	3.31E-01
1.529999	4.25E-01
1.559999	5.37E-01
1.589999	6.51E-01
1.619999	7.56E-01
1.649999	8.71E-01
1.679999	9.60E-01
1.709999	1.04E+00
1.739999	1.10E+00
1.769999	1.12E+00
1.799999	1.12E+00
1.829999	1.09E+00
1.859999	1.04E+00
1.889999	9.82E-01
1.919999	9.07E-01
1.949999	8.28E-01
1.979999	7.53E-01
2.009999	6.77E-01
2.039999	6.11E-01
2.069999	5.43E-01
2.099998	4.85E-01
2.129998	4.33E-01
2.159998	3.89E-01
2.189998	3.50E-01
2.219998	3.17E-01
2.249998	2.90E-01
2.279998	2.67E-01
2.309998	2.49E-01
2.339998	2.35E-01
2.369998	2.25E-01
2.399998	2.20E-01
2.429998	2.21E-01
2.459998	2.23E-01
2.489998	2.30E-01
2.519998	0.2430895
2.549998	0.2606689
2.579998	0.2813656
2.609998	0.3063256
2.639998	0.3365785
2.669998	0.3724194
2.699998	0.4153814
2.729998	0.4584872
2.759998	0.5076469
2.789998	0.5619103
2.819998	0.6212986
2.849998	0.6847391
2.879998	0.7525042
2.909998	0.8231595
2.939998	0.8959921
2.969998	0.9737229
2.999998	1.044168
3.029998	1.122808
3.059998	1.193839
3.089998	1.26515
3.119998	1.327802
3.149997	1.382599
3.179997	1.429158
3.209997	1.464187
3.239997	1.493589
3.269997	1.507307
3.299997	1.512905
3.329997	1.514091
3.359997	1.502396
3.389997	1.476402
3.419997	1.450364
3.449997	1.421106
3.479997	1.388573
3.509997	1.351932
3.539997	1.319936
3.569997	1.282395
3.599997	1.248962
3.629997	1.217071
3.659997	1.182164
3.689997	1.158338
3.719997	1.135499
3.749997	1.110295
3.779997	1.090872
3.809997	1.071484
3.839997	1.059286
3.869997	1.044629
3.899997	1.030895
3.929997	1.025304
3.959997	1.017001
3.989997	1.008714
4.019997	1.00883
4.049997	0.9999038
4.079998	0.9946317
4.109998	0.9922935
4.139998	0.9886937
4.169998	0.9886519
4.199998	0.9816748
4.229999	0.9813739
4.259999	0.9782985
4.289999	0.9764175
4.319999	0.9739811
4.349999	0.9728835
4.38	0.9702784
4.41	0.9663368
4.44	0.9689949
4.47	0.966596
4.5	0.9645776
4.530001	0.962817
4.560001	0.9626991
4.590001	0.9600238
4.620001	0.9601253
4.650002	0.9606105
4.680002	0.959903
4.710002	0.9615597
4.740002	0.9614902
4.770002	0.9633877
4.800003	0.9638413
4.830003	0.966681
4.860003	0.9688212
4.890003	0.9709472
4.920003	0.9718258
4.950004	0.9741936
4.980004	0.9781371
5.010004	0.9809241
5.040004	0.981626
5.070004	0.9825763
5.100005	0.9869361
5.130005	0.9869553
5.160005	0.9885221
5.190005	0.9917524
5.220006	0.9923909
5.250006	0.9933715
5.280006	0.9943268
5.310006	0.9940827
5.340006	0.9950622
5.370007	0.9942345
5.400007	0.995718
5.430007	0.9949041
5.460007	0.9941904
5.490007	0.9940252
5.520008	0.9910007
5.550008	0.9916692
5.580008	0.992433
5.610008	0.9907742
5.640008	0.9898409
5.670009	0.9896472
5.700009	0.9881582
5.730009	0.9894214
5.760009	0.9869801
5.790009	0.9860978
5.82001	0.9860447
5.85001	0.9841276
5.88001	0.9852687
5.91001	0.984782
5.940011	0.9821514
5.970011	0.9841334
6.000011	0.9839352
6.030011	0.9820192
6.060011	0.9804544
6.090012	0.9827074
6.120012	0.9834236
6.150012	0.9832313
6.180012	0.982668
6.210012	0.9821487
6.240013	0.9818724
6.270013	0.984467
6.300013	0.9854634
6.330013	0.9856257
6.360013	0.987707
6.390014	0.9880646
6.420014	0.9904132
6.450014	0.9912331
6.480014	0.9942166
6.510015	0.994722
6.540015	0.9969131
6.570015	0.9964589
6.600015	0.9994643
6.630015	1.001202
6.660016	1.002324
6.690016	1.005312
6.720016	1.006382
6.750016	1.007465
6.780016	1.008395
6.810017	1.011125
6.840017	1.012156
6.870017	1.012966
6.900017	1.015342
6.930017	1.016934
6.960018	1.017906
6.990018	1.017573
7.020018	1.020107
7.050018	1.01869
7.080019	1.019893
7.110019	1.018513
7.140019	1.019288
7.170019	1.019751
7.200019	1.019502
7.23002	1.019743
7.26002	1.021246
7.29002	1.019829
7.32002	1.018096
7.35002	1.017582
7.380021	1.017571
7.410021	1.017297
7.440021	1.01825
7.470021	1.01545
7.500021	1.016254
7.530022	1.015553
7.560022	1.013945
7.590022	1.012861
7.620022	1.01151
7.650023	1.010484
7.680023	1.009496
7.710023	1.008863
7.740023	1.007017
7.770023	1.005073
7.800024	1.00503
7.830024	1.003011
7.860024	1.001287
7.890024	0.999586
7.920024	0.9983325
7.950025	0.9979509
7.980025	0.9965994
8.010024	0.9946964
8.040024	0.9940214
8.070024	0.9937801
8.100023	0.9930223
8.130023	0.9910317
8.160023	0.9909296
8.190022	0.9909258
8.220022	0.9902164
8.250022	0.9891793
8.280022	0.9886398
8.310021	0.9886256
8.340021	0.9882094
8.370021	0.9886018
8.400021	0.9878677
8.43002	0.9879945
8.46002	0.988315
8.49002	0.9876399
8.52002	0.9887956
8.550019	0.9889432
8.580019	0.9888853
8.610019	0.9890791
8.640018	0.9891782
8.670018	0.9903024
8.700018	0.9906271
8.730018	0.9896769
8.760017	0.9918118
8.790017	0.9928353
8.820017	0.9922991
8.850017	0.9929108
8.880016	0.9951417
8.910016	0.9950208
8.940016	0.9955956
8.970016	0.996105
9.000015	0.9968708
9.030015	0.9965332
9.060015	0.9973122
9.090014	0.9980001
9.120014	0.997323
9.150014	0.9971575
9.180014	0.9989827
9.210013	0.9996971
9.240013	0.9997231
9.270013	1.000292
9.300013	1.000085
9.330012	1.001142
9.360012	1.001304
9.390012	1.001695
9.420012	1.001143
9.450011	1.002837
9.480011	1.00194
9.510011	1.003536
9.54001	1.002942
9.57001	1.003327
9.60001	1.002561
9.63001	1.003311
9.660009	1.002824
9.690009	1.003182
9.720009	1.00378
9.750009	1.004576
9.780008	1.003021
9.810008	1.003986
9.840008	1.003222
9.870008	1.003681
9.900007	1.004197
9.930007	1.004315
9.960007	1.004469
9.990006	1.003865
10.02001	1.003957
10.05001	1.004601
10.08001	1.003662
10.11001	1.004401
10.14001	1.00418
10.17	1.004289
10.2	1.004778
10.23	1.003845
10.26	1.004827
10.29	1.002941
10.32	1.004183
10.35	1.003481
10.38	1.002572
10.41	1.002921
10.44	1.002621
10.47	1.002042
10.5	1.00279
10.53	1.002829
10.56	1.002544
10.59	1.001515
10.62	1.002737
10.65	1.002279
10.68	1.002113
10.71	1.001812
10.74	1.001697
10.77	1.001624
10.8	1.000856
10.83	0.9993327
10.86	1.001413
10.89	1.000244
10.92	1.000496
10.95	1.000891
10.98	1.000435
11.01	1.00074
11.04	0.9999489
11.07	1.000467
11.1	0.9995973
11.13	0.99919
11.16	1.000143
11.19	0.9986801
11.22	0.9993251
11.25	0.9986981
11.27999	0.9986188
11.30999	0.9985617
11.33999	0.9982331
11.36999	0.9988719
11.39999	0.9989137
11.42999	0.9985293
11.45999	0.9985128
11.48999	0.9978683
11.51999	0.9979641
11.54999	0.9985074
11.57999	0.9982732
11.60999	0.9988033
11.63999	0.9973204
11.66999	0.9978855
11.69999	0.9979606
11.72999	0.9977359
11.75999	0.9971473
11.78999	0.9975967
11.81999	0.9964535
11.84999	0.9971025
11.87999	0.9965497
11.90999	0.9966598
11.93999	0.9983563
11.96999	0.9971074
11.99999	0.9972667
12.02999	0.9976932
12.05999	0.9967555
12.08999	0.9974869
12.11999	0.9973198
12.14999	0.9973271
12.17999	0.9972445
12.20999	0.9973706
12.23999	0.9972757
12.26999	0.9973452
12.29999	0.998426
12.32999	0.9981337
12.35999	0.998565
12.38999	0.9989924
12.41998	0.9989083
12.44998	0.9989038
12.47998	0.9997615
12.50998	0.9998253
12.53998	1.000477
12.56998	0.9998767
12.59998	0.9999503
12.62998	1.000042
12.65998	1.000548
12.68998	1.000968
12.71998	1.000812
12.74998	1.000389
12.77998	1.000585
12.80998	1.001197
12.83998	1.001162
12.86998	1.001676
12.89998	1.001026
12.92998	1.001412
12.95998	1.001591
12.98998	1.001485
13.01998	1.001886
13.04998	1.002342
13.07998	1.001804
13.10998	1.002008
13.13998	1.001669
13.16998	1.001891
13.19998	1.001767
13.22998	1.001167
13.25998	1.00192
13.28998	1.001994
13.31998	1.002012
13.34998	1.001651
13.37998	1.001532
13.40998	1.001628
13.43998	1.001246
13.46998	1.00167
13.49998	1.00126
13.52997	1.001378
13.55997	1.000951
13.58997	1.001459
13.61997	1.00144
13.64997	1.001182
13.67997	1.001011
13.70997	1.000758
13.73997	1.000929
13.76997	1.001099
13.79997	1.001471
13.82997	1.002167
13.85997	1.000852
13.88997	1.001072
13.91997	1.000701
13.94997	1.000417
13.97997	1.000051
14.00997	1.000111
14.03997	0.9999019
14.06997	0.9995861
14.09997	0.9995063
14.12997	0.99916
14.15997	1.000007
14.18997	1.000009
14.21997	0.9981313
14.24997	0.9986634
14.27997	0.9983529
14.30997	0.9991159
14.33997	0.9979969
14.36997	0.9983084
14.39997	0.9986197
14.42997	0.997704
14.45997	0.9985297
14.48997	0.9979836
14.51997	0.9980221
14.54997	0.998665
14.57997	0.997946
14.60997	0.9974252
14.63997	0.997926
14.66996	0.9977298
14.69996	0.9971428
14.72996	0.9975113
14.75996	0.9981714
14.78996	0.9982359
14.81996	0.9976556
14.84996	0.9979404
14.87996	0.9982444
14.90996	0.9979294
14.93996	0.997575
14.96996	0.9978606
14.99996	0.9984276
15.02996	0.9990612
15.05996	0.998924
15.08996	0.9985859
15.11996	0.9994292
15.14996	0.9990246
15.17996	0.9993321
15.20996	0.9997995
15.23996	0.9991692
15.26996	0.99938
15.29996	1.000165
15.32996	0.9991328
15.35996	0.9999177
15.38996	0.9999628
15.41996	0.9988461
15.44996	0.9994907
15.47996	0.9988582
15.50996	0.9985034
15.53996	0.999108
15.56996	1.000217
15.59996	0.99948
15.62996	0.9994553
15.65996	0.9993548
15.68996	0.9999248
15.71996	1.000175
15.74996	1.000632
15.77995	1.001181
15.80995	1.000008
15.83995	1.001434
15.86995	1.00058
15.89995	1.000677
15.92995	1.002511
15.95995	1.002409
15.98995	1.0026
16.01995	1.003749
16.04996	1.003754
16.07996	1.003253
16.10996	1.003681
16.13996	1.004519
16.16996	1.004086
16.19996	1.004411
16.22996	1.003688
16.25996	1.003132
16.28996	1.002954
16.31996	1.003024
16.34996	1.002627
16.37996	1.001793
16.40996	1.001336
16.43996	1.001418
16.46996	1.000505
16.49997	1.000575
16.52997	1.000153
16.55997	0.9999318
16.58997	0.9996983
16.61997	0.9992849
16.64997	0.9989545
16.67997	0.9983304
16.70997	0.9986706
16.73997	0.9981823
16.76997	0.9968609
16.79997	0.9969555
16.82997	0.9981101
16.85997	0.9982241
16.88997	0.999026
16.91998	0.9977547
16.94998	0.9986927
16.97998	0.9984325
17.00998	1.00049
17.03998	0.9990621
17.06998	0.9999962
17.09998	0.9993456
17.12998	0.9997727
17.15998	1.001718
17.18998	1.000113
17.21998	1.000131
17.24998	0.9994907
17.27998	1.000658
17.30998	1.00096
17.33998	1.000661
17.36999	1.001732
17.39999	1.00301
17.42999	1.002319
17.45999	1.001797
17.48999	1.003178
17.51999	1.002692
17.54999	1.003254
17.57999	1.002051
17.60999	1.002115
17.63999	1.00272
17.66999	1.001173
17.69999	1.003933
17.72999	1.002428
1.78E+01	1.00355
17.79	1.002971
17.82	0.9999992
